-0.003682 2.512897 0.918752 5.0
4.753849 2.696406 0.0972 1.0
3.016251 3.402529 1.020603 2.0
-0.489931 2.26497 0.519756 5.0
3.242339 1.239414 0.481686 1.0
1.76577 0.911996 0.67308 0.0
0.504804 5.103806 0.450229 3.0
2.764155 1.114569 0.751806 1.0
3.24093 3.627628 0.789759 2.0
2.757456 0.580133 0.446298 0.0
3.517561 1.113008 0.281274 1.0
3.259726 0.003032 0.07482 1.0
-0.474271 3.122979 0.656033 4.0
-0.733218 4.084313 0.128983 4.0
-0.982699 3.093127 0.35911 4.0
-0.255041 2.413453 0.733812 5.0
2.504861 1.795399 1.184131 1.0
2.495083 1.75053 1.143822 1.0
1.001019 0.940894 0.695504 0.0
3.533257 4.672261 0.256024 2.0
3.515046 2.756567 0.872019 1.0
3.255224 0.201876 0.115657 1.0
0.760658 2.258451 1.259149 5.0
2.773159 5.5883 0.120484 3.0
-0.229857 0.746697 0.124892 5.0
4.271285 2.764415 0.410231 1.0
2.2657 0.466287 0.33066 0.0
4.493644 1.991584 0.060497 1.0
0.00249 3.263441 0.909025 4.0
1.495962 3.403454 1.700862 3.0
-0.494693 3.734406 0.407954 4.0
-1.221542 2.308054 0.082993 5.0
1.254597 3.318687 1.685759 4.0
0.769077 2.350199 1.316954 5.0
3.00268 1.589935 0.767176 1.0
1.260306 2.197091 1.587746 5.0
2.26437 0.689094 0.520825 0.0
2.50317 4.188693 1.060984 2.0
4.487581 2.717948 0.242323 1.0
2.014651 3.361389 1.673813 2.0
3.513969 4.542098 0.318288 2.0
3.241559 2.066711 0.792404 1.0
0.538219 3.336602 1.199668 4.0
1.522454 4.394244 0.972431 3.0
1.758999 0.141484 0.132661 0.0
-0.990388 3.96418 0.079813 4.0
4.001519 2.099078 0.327234 1.0
3.999077 1.05396 0.018757 1.0
2.774004 4.904471 0.590301 3.0
1.728467 2.949037 1.990898 2.0
0.502564 0.609277 0.450815 0.0
0.015382 5.66123 0.04543 4.0
2.273649 1.15469 0.848858 0.0
-0.989918 1.52408 0.019472 5.0
1.00977 0.085811 0.091788 0.0
3.495758 1.071072 0.284273 1.0
2.505634 0.401819 0.313699 0.0
2.015186 1.286364 0.92853 0.0
-0.245834 1.010428 0.236997 5.0
1.253888 1.739531 1.286054 0.0
3.495202 4.343817 0.390958 2.0
0.51159 1.125755 0.735091 5.0
-0.995519 2.050841 0.135024 5.0
1.978764 2.842808 1.843961 1.0
0.767119 3.132432 1.427187 4.0
-0.744824 1.772375 0.190061 5.0
3.516152 5.524056 0.024683 2.0
3.511975 5.19408 0.065715 2.0
2.505634 0.401819 0.313699 0.0
-0.995555 2.265143 0.193522 5.0
0.747036 4.315294 0.979571 4.0
1.76095 3.256402 1.781712 3.0
-0.725276 4.367961 0.02943 4.0
4.737784 2.357469 0.030876 1.0
0.764929 2.237473 1.293056 5.0
2.01773 1.448404 1.038915 0.0
0.762472 0.662428 0.480342 0.0
2.244519 2.995489 1.64464 2.0
0.995967 4.316407 1.030691 3.0
0.252888 0.079026 0.079235 0.0
3.74964 1.579189 0.303669 1.0
-1.243438 3.353794 0.105229 4.0
2.489027 0.260967 0.194426 0.0
1.997055 3.233957 1.721414 2.0
3.980382 4.59897 0.049881 2.0
0.751806 5.368527 0.27563 3.0
4.250891 2.215555 0.242684 1.0
0.524402 3.431298 1.155464 4.0
3.754554 2.347352 0.586854 1.0
4.251802 1.577766 0.06794 1.0
3.010983 1.322822 0.671483 1.0
2.267456 1.224412 0.92345 0.0
1.267619 2.576844 1.722679 5.0
-0.751689 2.479871 0.446688 5.0
-0.228346 2.568909 0.78491 5.0
2.99093 2.969416 1.176485 2.0
1.74055 1.085352 0.786406 0.0
1.029946 0.89708 0.643531 0.0
3.495701 3.459676 0.695699 2.0
0.254464 0.21333 0.125391 0.0
1.526595 3.875489 1.325922 3.0
2.4916 1.683966 1.110782 1.0
-0.473852 0.934795 0.035255 5.0
2.78019 0.954372 0.696942 1.0
0.76378 3.142679 1.406671 4.0
-1.492767 2.641716 0.031526 5.0
-0.467254 0.831254 0.101796 5.0
0.511091 0.484273 0.334201 0.0
1.260356 1.533641 1.118088 0.0
-0.72795 4.174789 0.10778 4.0
2.264775 1.491113 1.103621 0.0
0.515629 4.610612 0.731629 4.0
1.504352 3.678979 1.497436 3.0
-0.473852 0.934795 0.035255 5.0
0.031497 4.516429 0.441774 4.0
1.477888 5.334773 0.298198 3.0
0.513143 3.692991 1.063752 4.0
1.24698 1.826068 1.317272 0.0
-0.488059 2.291737 0.527452 5.0
4.257099 3.068361 0.379706 2.0
1.510848 2.969705 1.921473 4.0
3.995991 4.596405 0.040942 2.0
-0.468454 4.203847 0.258467 4.0
1.502393 3.95316 1.276254 3.0
1.002941 1.033524 0.753215 0.0
2.747563 3.781762 1.048808 2.0
-0.242358 4.958966 0.118475 4.0
-0.240154 5.330733 0.095466 4.0
-0.222811 5.294485 0.077458 4.0
3.752321 4.804788 0.029647 2.0
-0.265642 1.104517 0.273729 5.0
-1.492767 2.641716 0.031526 5.0
4.01736 1.025524 -0.008039 1.0
3.996324 1.813957 0.231245 1.0
0.741819 5.447419 0.220463 3.0
3.494479 5.042779 0.144064 2.0
3.2568 1.47713 0.588068 1.0
3.51037 2.572826 0.807818 1.0
-0.233715 2.931036 0.872105 4.0
4.003601 4.133974 0.152765 2.0
3.757213 1.710293 0.351197 1.0
2.264775 1.491113 1.103621 0.0
4.016124 1.236386 0.098386 1.0
2.492012 5.614597 0.079994 3.0
2.262137 1.591829 1.151214 0.0
3.980071 3.531558 0.377834 2.0
3.018845 5.633205 0.071395 3.0
2.494946 0.538118 0.403582 0.0
-1.242983 3.531443 0.027118 4.0
-0.482806 4.38964 0.197186 4.0
3.5 2.613381 0.819482 1.0
1.510241 4.141562 1.134601 3.0
0.766548 4.269651 1.021188 4.0
-0.744441 2.280355 0.376671 5.0
2.992353 5.229201 0.348372 3.0
1.023132 1.324311 0.969294 0.0
2.004512 2.812327 1.835101 1.0
1.477888 5.334773 0.298198 3.0
0.263771 2.258878 1.002247 5.0
3.500701 1.585534 0.463338 1.0
0.508728 4.459607 0.791898 4.0
2.980769 0.095798 0.085378 0.0
1.01115 2.234337 1.430092 5.0
3.738923 3.032099 0.707601 2.0
3.249038 4.146049 0.610116 2.0
3.017595 3.553997 0.968355 2.0
4.780168 3.288206 0.068916 2.0
3.240771 3.016215 1.004422 2.0
3.244247 1.044118 0.417045 1.0
2.738833 3.330879 1.2024 2.0
2.516329 1.107855 0.833415 0.0
1.259756 0.988141 0.724663 0.0
2.012895 3.862865 1.333929 3.0
3.997812 3.806939 0.263049 2.0
0.262543 3.723118 0.886847 4.0
0.746877 4.864927 0.63061 3.0
0.758844 3.039369 1.454857 4.0
1.249885 1.520749 1.114475 0.0
2.006565 4.73597 0.680625 3.0
3.269439 4.694013 0.387041 2.0
-0.500619 4.888225 0.094881 4.0
1.495225 3.690057 1.457705 3.0
2.514335 0.443559 0.329641 0.0
0.760326 0.201941 0.170766 0.0
1.020357 4.355972 1.011367 3.0
2.996133 3.122163 1.126825 2.0
3.754532 2.477696 0.638906 1.0
3.268066 4.663698 0.426447 2.0
1.253166 0.307362 0.230537 0.0
4.248001 2.391036 0.284403 1.0
0.273823 1.79214 0.810297 5.0
2.753965 3.990499 0.969584 2.0
1.26178 5.624208 0.051197 3.0
1.246243 4.576626 0.848475 3.0
3.26128 5.458244 0.140227 2.0
3.784623 1.02986 0.080052 1.0
0.501848 4.505879 0.760203 4.0
-0.247561 0.676816 0.100344 5.0
4.018429 2.038173 0.310512 1.0
3.506735 4.285615 0.409038 2.0
0.266951 3.308802 1.051973 4.0
3.759995 1.439494 0.27154 1.0
-0.726498 3.633257 0.295857 4.0
2.005777 0.971629 0.713173 0.0
4.530543 2.996624 0.255634 2.0
1.011353 5.253568 0.363143 3.0
3.482194 3.645889 0.658952 2.0
1.757395 1.208224 0.851806 0.0
-0.475782 4.065756 0.285118 4.0
0.99776 1.935694 1.346265 5.0
-0.995555 2.265143 0.193522 5.0
0.251652 1.528286 0.73478 5.0
-1.23554 3.653426 0.065787 4.0
0.00249 3.263441 0.909025 4.0
3.758116 2.811922 0.740214 1.0
2.278491 5.713607 0.08511 3.0
0.255829 1.360515 0.658078 5.0
-0.239836 2.509103 0.765681 5.0
1.510256 2.947484 1.965677 4.0
1.750942 1.393013 1.024187 0.0
2.246282 5.084071 0.482532 3.0
2.01468 3.731313 1.453318 3.0
-0.482466 4.98678 0.053784 4.0
0.022934 3.934335 0.678551 4.0
3.741402 3.203808 0.636196 2.0
3.7629 4.050891 0.32141 2.0
0.263511 4.355827 0.647332 4.0
-0.728926 3.387968 0.381043 4.0
3.506555 0.533883 0.068518 1.0
4.509217 3.108122 0.188659 2.0
1.760972 5.220767 0.365304 3.0
4.530543 2.996624 0.255634 2.0
0.246124 1.771508 0.811142 5.0
0.51529 4.96375 0.54593 3.0
1.50725 0.639694 0.453864 0.0
-1.253591 3.566679 0.08042 4.0
-0.733616 3.713413 0.288551 4.0
-0.224986 4.143867 0.438869 4.0
2.747563 3.781762 1.048808 2.0
0.255063 0.503474 0.333218 5.0
-0.72584 2.019991 0.284121 5.0
0.748323 2.376684 1.326341 5.0
0.753959 4.799433 0.662696 3.0
4.498551 2.058523 0.104391 1.0
-0.740019 2.107562 0.324243 5.0
0.259854 4.758784 0.529237 4.0
2.000415 1.694286 1.250702 0.0
1.248555 1.266564 0.948656 0.0
0.76404 5.393553 0.252787 3.0
-0.760137 3.703853 0.288175 4.0
2.495083 1.75053 1.143822 1.0
0.492613 1.725844 0.956424 5.0
3.760284 2.35981 0.572039 1.0
2.25533 3.997299 1.257357 3.0
-0.50635 3.861542 0.396508 4.0
2.998199 2.896942 1.204741 2.0
2.4916 1.683966 1.110782 1.0
3.242513 1.528488 0.586434 1.0
-1.003179 3.486696 0.191044 4.0
2.481953 2.197547 1.316268 1.0
0.756806 0.903345 0.665803 0.0
2.768809 2.808403 1.355551 1.0
-0.509811 4.521163 0.135797 4.0
-0.21062 2.746284 0.840973 5.0
4.263415 2.800916 0.415629 1.0
-0.750251 2.207823 0.350164 5.0
3.528379 5.340062 0.034886 2.0
1.245123 1.942523 1.429081 0.0
1.504503 0.855846 0.666201 0.0
0.250554 5.466512 0.186079 3.0
-0.740112 1.937515 0.231729 5.0
1.0309 0.600252 0.445453 0.0
2.012483 1.015566 0.778074 0.0
-0.49655 1.491019 0.23514 5.0
0.523773 3.531804 1.117893 4.0
0.00731 1.843 0.6865 5.0
-0.485523 1.004148 0.064219 5.0
-0.236346 2.564638 0.7871 5.0
1.513493 5.416092 0.235754 3.0
0.730365 4.392386 0.942491 4.0
1.018081 0.165932 0.115035 0.0
0.771296 4.878419 0.618289 3.0
0.266235 4.973332 0.435299 4.0
3.506584 4.55405 0.30231 2.0
0.23691 4.391989 0.626888 4.0
3.747992 1.372692 0.220087 1.0
1.015053 2.618281 1.588418 5.0
0.014638 2.379293 0.886638 5.0
2.255518 2.419711 1.546258 1.0
2.225593 2.581707 1.613277 1.0
1.011945 3.525358 1.432853 4.0
-0.24449 4.568438 0.275449 4.0
4.005747 1.183669 0.072428 1.0
1.005622 1.829747 1.313261 5.0
2.496225 3.614938 1.271044 2.0
-0.233145 3.952704 0.485531 4.0
0.264125 5.7247 0.073707 3.0
1.003338 5.430329 0.208033 3.0
1.264923 1.230742 0.925307 0.0
-0.227645 1.625533 0.453199 5.0
2.493717 2.012317 1.222656 1.0
4.010076 3.236031 0.45015 2.0
-1.231977 3.060398 0.206458 4.0
0.249643 1.335201 0.649095 5.0
0.512269 3.976436 0.942838 4.0
0.510368 4.672153 0.703966 4.0
2.51255 1.080387 0.817068 0.0
0.753779 0.341037 0.261661 0.0
2.238333 2.446088 1.550652 1.0
1.76577 0.911996 0.67308 0.0
3.50641 2.017578 0.618874 1.0
4.780168 3.288206 0.068916 2.0
0.524157 4.408407 0.800353 4.0
0.74799 3.484854 1.306917 4.0
0.267327 0.008777 0.024437 0.0
0.523506 0.19113 0.169306 0.0
-0.245365 4.585543 0.283724 4.0
0.237026 1.077569 0.569712 5.0
1.975483 5.482547 0.166416 3.0
3.998665 3.329238 0.417732 2.0
3.508961 4.350697 0.390582 2.0
2.504543 3.949416 1.150636 2.0
-1.25701 3.726103 0.014977 4.0
4.48477 2.643479 0.22099 1.0
0.269076 0.445431 0.320044 5.0
4.030368 1.656614 0.182372 1.0
2.765448 5.481687 0.183109 3.0
-0.740719 1.331414 0.049513 5.0
2.503061 2.248081 1.320596 1.0
1.254958 4.656623 0.749341 3.0
3.47754 0.241333 0.056797 1.0
1.501403 1.984647 1.469361 0.0
1.511802 4.700452 0.743156 3.0
0.00249 3.263441 0.909025 4.0
1.260465 2.243001 1.594986 5.0
0.021438 3.44088 0.821975 4.0
0.25132 5.383667 0.232126 3.0
1.02358 2.116285 1.396157 5.0
3.001683 0.351862 0.246782 0.0
0.998692 4.135275 1.151554 3.0
-0.492171 3.217292 0.618498 4.0
-0.473418 4.029508 0.314198 4.0
1.011353 5.253568 0.363143 3.0
0.769272 5.455303 0.205807 3.0
-1.49294 2.937352 0.076945 4.0
2.762746 4.988811 0.535596 3.0
-0.725703 2.401182 0.432647 5.0
1.019772 3.110767 1.576573 4.0
2.511119 4.719942 0.759184 3.0
3.255463 0.911555 0.371287 1.0
1.756593 3.499466 1.613501 3.0
2.26437 0.689094 0.520825 0.0
-1.482166 3.150122 0.067059 4.0
0.268801 1.055152 0.562356 5.0
0.517992 3.711122 1.049299 4.0
0.264328 2.361191 1.017893 5.0
0.250554 5.466512 0.186079 3.0
3.74229 3.501113 0.5563 2.0
3.013021 1.566261 0.758259 1.0
2.261255 0.661337 0.508779 0.0
2.000906 1.495102 1.084398 0.0
1.753586 0.442663 0.3372 0.0
4.263834 1.449214 0.015693 1.0
1.759592 2.68454 1.931929 1.0
0.998526 3.682737 1.367619 4.0
3.500976 1.683699 0.487417 1.0
-0.24246 5.19189 0.041253 4.0
-0.494643 4.952585 0.053841 4.0
2.25426 4.556457 0.851213 3.0
4.024731 4.56867 0.057028 2.0
1.499785 2.266878 1.635115 0.0
-1.244045 1.959477 0.011386 5.0
1.262922 0.214248 0.172949 0.0
-0.232516 5.496733 0.039461 4.0
1.50209 5.284953 0.330927 3.0
4.006968 4.009736 0.203929 2.0
2.010994 3.187006 1.734675 2.0
3.261641 0.518744 0.236831 1.0
-0.502585 2.751183 0.701827 5.0
-0.992729 3.416281 0.205988 4.0
0.263121 3.610024 0.927872 4.0
3.000945 3.710494 0.936009 2.0
2.500236 2.09467 1.268659 1.0
1.23674 5.173007 0.383305 3.0
1.006063 5.258013 0.340184 3.0
1.767591 0.594275 0.45966 0.0
1.263536 3.415551 1.632853 4.0
1.510942 4.006462 1.244935 3.0
-0.733999 2.456024 0.436723 5.0
3.994806 3.543576 0.370825 2.0
1.527664 3.83398 1.374643 3.0
-0.496724 1.304951 0.16797 5.0
0.259544 3.203063 1.08455 4.0
-0.502751 4.780348 0.048754 4.0
4.746174 2.944543 0.089071 2.0
3.013021 1.566261 0.758259 1.0
3.514468 1.002601 0.243891 1.0
3.260355 2.602664 0.985063 1.0
2.022658 1.540499 1.133069 0.0
2.747671 2.65317 1.300442 1.0
-0.247236 1.419643 0.358727 5.0
0.50828 0.784701 0.55359 0.0
1.007118 1.18622 0.861331 0.0
2.260208 1.923164 1.343772 1.0
4.261832 3.800825 0.111906 2.0
-0.245834 1.010428 0.236997 5.0
3.732491 4.195999 0.269589 2.0
0.006204 2.37586 0.878371 5.0
2.744383 5.665414 0.069725 3.0
1.474817 0.028086 0.061169 0.0
2.990626 5.183558 0.385046 2.0
0.76511 2.648625 1.442478 5.0
3.98823 2.461458 0.454334 1.0
-1.219569 2.057237 0.048689 5.0
3.010983 1.322822 0.671483 1.0
-0.725703 2.401182 0.432647 5.0
-0.227645 1.625533 0.453199 5.0
1.749121 0.808346 0.580465 0.0
-0.008668 0.117818 0.056009 5.0
2.763107 2.35223 1.210941 1.0
2.495083 1.75053 1.143822 1.0
4.749679 3.266201 0.066603 2.0
2.982489 1.042051 0.572502 1.0
4.757563 3.146805 0.043732 2.0
3.268066 4.663698 0.426447 2.0
-0.006644 2.872169 1.025242 4.0
-0.502476 4.448775 0.120145 4.0
0.260057 4.772601 0.514805 4.0
1.002493 3.180726 1.569961 4.0
-1.234275 2.927524 0.242923 4.0
2.513583 2.108213 1.259323 1.0
-0.235096 1.259099 0.342352 5.0
0.25132 5.383667 0.232126 3.0
2.493233 4.273243 1.008028 2.0
3.009617 0.73319 0.467819 1.0
1.754772 0.032574 0.030008 0.0
0.498242 0.890981 0.640496 5.0
-1.24187 3.6481 0.058474 4.0
3.739609 1.032122 0.117102 1.0
1.260067 2.218446 1.588483 5.0
3.754756 4.023184 0.338493 2.0
1.998738 3.766969 1.423104 3.0
1.751339 4.85335 0.631188 3.0
3.502746 1.262437 0.372451 1.0
-0.222341 2.540675 0.78887 5.0
1.259756 0.988141 0.724663 0.0
0.010945 0.345582 0.145502 5.0
2.256905 2.934332 1.670431 2.0
3.014473 5.222921 0.355931 3.0
0.764929 2.237473 1.293056 5.0
2.760368 4.778816 0.680336 3.0
0.765392 3.110514 1.419686 4.0
-0.495625 2.838234 0.693719 5.0
1.226536 0.265123 0.200893 0.0
3.007008 1.69709 0.835785 1.0
4.74827 3.195996 0.104991 2.0
-0.233145 3.952704 0.485531 4.0
-0.480862 1.441496 0.224235 5.0
1.004921 4.152018 1.172041 3.0
2.506949 0.371056 0.272486 0.0
0.506047 2.250061 1.127533 5.0
0.259508 5.030342 0.414841 4.0
-0.499875 1.569195 0.28019 5.0
-0.007764 3.30727 0.884217 4.0
1.260963 2.120028 1.532868 0.0
2.000906 1.495102 1.084398 0.0
1.026817 2.098457 1.431971 5.0
3.005903 0.542931 0.393104 0.0
-0.731585 3.880642 0.186795 4.0
1.986815 1.709035 1.241502 0.0
-0.00345 3.676826 0.757963 4.0
2.018936 2.159253 1.572252 0.0
1.009235 1.498151 1.108224 0.0
4.000298 3.829001 0.241138 2.0
2.497215 2.361545 1.374296 1.0
-0.487778 3.690173 0.44176 4.0
1.499785 2.266878 1.635115 0.0
1.254076 3.944408 1.301663 3.0
1.263536 3.415551 1.632853 4.0
3.99563 1.517952 0.128498 1.0
3.998607 3.258895 0.469481 2.0
3.993455 3.9653 0.204174 2.0
2.25486 4.846203 0.661951 3.0
2.737315 4.302344 0.844283 2.0
0.764929 2.237473 1.293056 5.0
-0.247944 4.62732 0.265282 4.0
2.249946 1.0148 0.73637 0.0
0.761619 3.730786 1.202212 4.0
-0.470911 2.203732 0.484295 5.0
3.246379 2.398371 0.915103 1.0
1.004748 1.41509 1.042073 0.0
3.253027 0.631716 0.263171 1.0
1.753789 1.386321 1.014222 0.0
-0.253914 3.647067 0.59687 4.0
3.762741 2.419357 0.603829 1.0
1.758652 0.732496 0.553735 0.0
0.021235 0.406943 0.162506 5.0
1.276717 0.739578 0.549485 0.0
0.498278 4.138462 0.891747 4.0
2.495864 5.59437 0.092048 3.0
0.013561 0.099665 0.053314 5.0
1.511766 0.870667 0.630437 0.0
0.027862 3.329318 0.897362 4.0
1.02246 1.94381 1.322771 5.0
-0.491824 3.054429 0.696082 4.0
2.004346 2.856249 1.842046 2.0
2.990373 2.711813 1.180901 1.0
-0.003927 1.784617 0.670522 5.0
4.500936 3.327106 0.103979 2.0
4.004815 4.286879 0.090212 2.0
0.5106 4.225967 0.860051 4.0
0.513454 4.98196 0.54387 3.0
1.030467 5.663882 0.053495 3.0
4.004815 4.286879 0.090212 2.0
1.767555 4.800012 0.675342 3.0
0.772286 1.670482 1.091104 5.0
2.002091 2.561509 1.751505 1.0
3.759027 1.299856 0.193761 1.0
0.001847 3.467178 0.817263 4.0
-1.002153 2.495842 0.293906 5.0
1.739133 0.310859 0.233528 0.0
4.024789 1.198765 0.096066 1.0
-0.995511 3.738887 0.108062 4.0
3.995254 1.068652 0.038536 1.0
1.27228 1.618227 1.194841 0.0
-0.005553 4.348803 0.513403 4.0
0.490279 3.853853 0.998143 4.0
1.017726 4.72078 0.715124 3.0
4.750199 3.396567 0.011892 2.0
3.748469 1.553897 0.309558 1.0
2.493233 4.273243 1.008028 2.0
1.005622 1.829747 1.313261 5.0
2.737005 3.434116 1.173985 2.0
1.005665 1.664715 1.221124 0.0
2.762456 2.031612 1.099798 1.0
1.768798 3.265645 1.780903 3.0
-0.708345 4.181582 0.107787 4.0
3.251322 0.672235 0.302122 1.0
2.23873 1.328719 0.970501 0.0
0.518216 2.174219 1.097673 5.0
3.732491 4.195999 0.269589 2.0
2.258235 0.056486 0.057476 0.0
4.25397 2.817363 0.421388 1.0
0.010063 0.824439 0.333652 5.0
2.260504 2.906676 1.693411 2.0
1.748795 2.983884 1.936142 2.0
3.256243 0.863014 0.336152 1.0
2.229907 1.129015 0.843662 0.0
2.228902 0.494542 0.359349 0.0
2.0102 3.362849 1.705769 2.0
1.259756 0.988141 0.724663 0.0
0.506047 2.250061 1.127533 5.0
0.267327 0.008777 0.024437 0.0
1.259316 1.142246 0.835228 0.0
1.744655 4.035585 1.202385 3.0
0.760983 4.184176 1.030561 4.0
-0.245581 2.945894 0.876535 4.0
3.998665 3.329238 0.417732 2.0
3.740729 2.521221 0.622083 1.0
2.747996 0.509862 0.390683 0.0
3.020594 5.462833 0.212225 3.0
1.248555 1.266564 0.948656 0.0
1.515134 1.855704 1.378943 0.0
4.745473 3.321571 0.047937 2.0
3.244601 0.400171 0.198509 1.0
3.753145 4.865354 0.041824 2.0
2.240797 2.173699 1.438851 1.0
2.003652 4.729813 0.701336 3.0
0.755202 0.353365 0.270962 0.0
-0.746898 2.106146 0.30945 5.0
-0.732937 2.951863 0.55927 4.0
1.500666 2.322485 1.677672 0.0
1.77187 1.963892 1.419195 0.0
3.747905 1.790088 0.391724 1.0
2.255373 3.642536 1.425474 2.0
1.498946 3.533459 1.596584 3.0
2.514963 3.412068 1.331862 2.0
-0.751516 2.739635 0.521064 5.0
0.236303 4.161861 0.76352 4.0
3.007399 1.045353 0.578818 1.0
-0.492612 4.108847 0.29189 4.0
2.99025 3.645441 0.958354 2.0
1.270553 3.681292 1.490462 3.0
1.272439 2.839874 1.818979 5.0
1.759592 2.68454 1.931929 1.0
0.994211 1.410378 1.029072 0.0
3.274049 0.127205 0.08923 1.0
3.00268 1.589935 0.767176 1.0
4.012749 3.653195 0.317854 2.0
2.00939 0.206725 0.151768 0.0
1.257747 1.876285 1.396641 0.0
0.019812 1.462062 0.529822 5.0
0.515629 4.610612 0.731629 4.0
0.518585 5.273658 0.324575 3.0
1.989069 4.558834 0.868232 3.0
0.748893 0.094151 0.07607 0.0
2.999594 1.149466 0.632836 1.0
-0.222803 2.227956 0.679259 5.0
2.776259 4.373662 0.851387 2.0
0.498242 0.890981 0.640496 5.0
0.01325 3.994734 0.630596 4.0
0.001399 5.016857 0.259023 4.0
1.008318 3.156185 1.558493 4.0
0.505555 1.870757 1.00177 5.0
-0.248009 4.123156 0.418772 4.0
4.245146 2.482466 0.319488 1.0
2.518649 1.056865 0.7797 0.0
0.511568 3.261056 1.211259 4.0
1.242015 3.042996 1.761521 4.0
2.50442 0.018049 0.027999 0.0
-0.989094 3.387043 0.243407 4.0
3.007738 3.740715 0.935337 2.0
0.508316 5.298112 0.313143 3.0
3.517423 3.420386 0.72923 2.0
3.006828 4.583029 0.620153 2.0
2.245733 5.223745 0.367472 3.0
0.753851 1.938766 1.202233 5.0
3.749213 1.870771 0.400236 1.0
0.753359 3.916218 1.116159 4.0
1.483554 1.377469 1.012437 0.0
-0.758937 3.778293 0.269466 4.0
2.019283 4.724697 0.743286 3.0
2.5169 5.179092 0.402614 3.0
2.249043 4.22205 1.084326 3.0
1.27306 0.098667 0.108994 0.0
0.754277 2.367391 1.341524 5.0
2.501746 2.289417 1.327237 1.0
0.998526 3.682737 1.367619 4.0
-1.222337 2.28042 0.063344 5.0
2.503372 3.856202 1.163087 2.0
1.254597 3.318687 1.685759 4.0
0.26143 2.051253 0.945353 5.0
2.265866 5.466577 0.210758 3.0
-0.4687 0.854791 0.016148 5.0
1.271875 2.949688 1.794864 4.0
2.277457 5.096833 0.48694 3.0
-0.495784 4.012012 0.334251 4.0
3.240041 1.407813 0.549456 1.0
2.23787 1.09328 0.803468 0.0
-0.991226 3.905103 0.035905 4.0
3.014864 4.27854 0.713036 2.0
3.246328 4.371661 0.536788 2.0
-0.966793 4.017656 0.076699 4.0
0.757717 3.454661 1.299134 4.0
0.252707 1.297464 0.648279 5.0
3.505861 4.508155 0.321598 2.0
0.027067 3.671196 0.757074 4.0
0.760983 4.184176 1.030561 4.0
1.265559 3.385337 1.630064 4.0
3.012472 1.844575 0.866787 1.0
1.766117 5.648273 0.03652 3.0
-0.477451 2.304853 0.549522 5.0
-0.715268 1.749569 0.181628 5.0
-0.494693 3.734406 0.407954 4.0
1.762367 1.974363 1.445925 0.0
2.764646 5.478074 0.18303 3.0
0.264212 2.256298 0.980351 5.0
2.001022 2.038918 1.491872 0.0
2.014803 2.283108 1.611817 1.0
0.764748 1.335454 0.95581 5.0
1.281414 4.909717 0.600367 3.0
-0.483377 4.304375 0.239736 4.0
0.501451 0.599529 0.460874 0.0
0.240191 1.609714 0.755643 5.0
2.259138 4.498045 0.869468 3.0
1.747625 5.181231 0.375703 3.0
3.993209 4.253088 0.111205 2.0
2.261024 1.557141 1.142319 0.0
1.276594 4.324558 1.016628 3.0
3.507899 2.381577 0.763303 1.0
-0.984173 2.504853 0.276295 5.0
0.519033 4.226148 0.841877 4.0
0.489325 0.954538 0.664437 5.0
1.015999 5.464199 0.222739 3.0
2.493717 2.012317 1.222656 1.0
-0.501551 3.890701 0.38027 4.0
3.256474 4.859117 0.355591 2.0
1.518978 4.194055 1.131594 3.0
0.749898 3.929724 1.138597 4.0
2.512579 2.666828 1.48794 1.0
1.242268 4.534756 0.882576 3.0
1.510993 0.803519 0.620233 0.0
1.245123 1.942523 1.429081 0.0
2.764155 1.114569 0.751806 1.0
1.001423 3.884472 1.290758 4.0
-0.234532 5.531102 0.001016 4.0
3.250578 3.285901 0.940345 2.0
2.742186 0.82454 0.595121 0.0
3.260962 1.741179 0.663281 1.0
3.02308 3.04734 1.158101 2.0
0.744579 1.720778 1.115277 5.0
-0.997015 3.755797 0.099694 4.0
0.255237 3.261157 1.065956 4.0
1.50209 5.284953 0.330927 3.0
1.757156 1.228581 0.904812 0.0
0.5106 4.225967 0.860051 4.0
3.754236 2.949666 0.715738 2.0
2.750504 1.093749 0.731658 1.0
1.013232 5.707262 0.049253 3.0
1.759122 0.878342 0.64515 0.0
2.505092 3.972267 1.143048 2.0
-0.234568 3.758116 0.569488 4.0
4.753393 2.286194 0.002273 1.0
3.539847 0.776 0.181873 1.0
1.254842 5.722655 0.091376 3.0
2.245848 3.402399 1.505298 2.0
0.266235 4.973332 0.435299 4.0
2.491188 3.479123 1.321731 2.0
2.251586 5.475299 0.179915 3.0
3.997812 3.806939 0.263049 2.0
1.254228 5.400165 0.239432 3.0
4.26116 2.106991 0.166242 1.0
2.267665 0.498979 0.384541 0.0
2.245733 5.223745 0.367472 3.0
0.739629 3.030885 1.45936 4.0
1.493042 5.238306 0.333471 3.0
-0.231598 0.902644 0.192121 5.0
3.245512 3.005838 1.027056 2.0
4.765209 2.9742 0.103487 2.0
1.498375 3.247022 1.800205 3.0
0.24874 4.855027 0.49038 4.0
3.018578 0.515759 0.401985 1.0
-0.725031 1.669412 0.165939 5.0
1.760972 5.220767 0.365304 3.0
1.761998 3.682643 1.490188 3.0
4.248825 4.052387 0.004044 2.0
-1.218261 3.787911 0.026453 4.0
0.767097 5.518824 0.160468 3.0
2.754117 0.776325 0.548842 0.0
-1.000476 1.874732 0.062867 5.0
2.509211 3.648758 1.253122 2.0
4.499216 3.652552 0.091123 2.0
3.527338 3.479961 0.700714 2.0
0.516142 2.575297 1.278755 5.0
4.753784 3.179874 0.025 2.0
-1.003114 1.590983 0.051543 5.0
3.999077 1.05396 0.018757 1.0
-0.234619 2.532466 0.76795 5.0
2.249043 5.017211 0.515954 3.0
1.269808 2.409377 1.672953 5.0
0.000575 5.277293 0.190242 4.0
1.77187 1.963892 1.419195 0.0
2.027138 1.728706 1.263717 0.0
1.756723 4.757924 0.730885 3.0
3.512199 5.013345 0.141419 2.0
0.503409 1.611983 0.909763 5.0
-0.23605 3.797747 0.535748 4.0
2.257541 0.604913 0.468007 0.0
1.007826 0.798099 0.585018 0.0
2.518649 1.056865 0.7797 0.0
-0.50124 1.769109 0.343964 5.0
-0.241217 2.116646 0.620247 5.0
3.498136 3.739674 0.5841 2.0
3.759222 2.979504 0.721476 2.0
-0.013575 0.78564 0.290668 5.0
2.255958 3.631299 1.429673 2.0
-0.234532 5.531102 0.001016 4.0
-0.498061 2.606603 0.629504 5.0
2.759284 4.068047 0.937816 2.0
2.739888 4.185665 0.890836 2.0
2.752412 4.721488 0.690453 2.0
-0.245242 0.676195 0.086809 5.0
2.238709 2.417023 1.53974 1.0
2.763064 4.319428 0.869627 2.0
0.256472 3.254176 1.056576 4.0
2.002091 2.561509 1.751505 1.0
1.010977 0.545879 0.394369 0.0
0.74098 0.604999 0.454009 0.0
3.255297 4.714052 0.396818 2.0
2.519682 2.428838 1.396713 1.0
3.010405 0.138211 0.096362 0.0
3.487419 4.091822 0.483833 2.0
4.267758 2.096838 0.172096 1.0
1.006858 5.652305 0.072544 3.0
-0.005922 2.688515 0.985186 5.0
2.984231 3.061149 1.180294 2.0
-1.480301 2.587207 0.012202 5.0
0.269466 1.729573 0.798178 5.0
4.2467 3.829052 0.101544 2.0
0.977381 3.68971 1.38179 4.0
4.256803 2.416878 0.276475 1.0
-0.493985 2.256435 0.540474 5.0
0.03321 2.885473 1.018507 4.0
-0.236035 3.039195 0.824446 4.0
3.757726 2.380066 0.583002 1.0
3.775467 2.60012 0.654501 1.0
2.991399 2.455135 1.099567 1.0
0.99286 2.998546 1.602184 4.0
-0.497382 3.361866 0.552412 4.0
2.770991 1.589458 0.932699 1.0
3.750225 2.185962 0.515795 1.0
4.766285 2.915824 0.11135 2.0
3.260861 5.096385 0.269704 2.0
4.475202 3.774824 0.04509 2.0
3.265399 3.267459 0.919056 2.0
2.25533 3.997299 1.257357 3.0
2.503358 4.905547 0.588191 3.0
3.013657 2.560071 1.106417 1.0
2.015403 3.945218 1.296192 3.0
4.021833 4.389293 0.058763 2.0
0.507528 3.203786 1.224636 4.0
2.000834 0.7723 0.557001 0.0
2.754153 0.03386 0.032371 0.0
1.250102 1.85918 1.337037 0.0
3.761845 4.427305 0.191376 2.0
3.750052 3.417582 0.543321 2.0
1.005644 4.174999 1.129918 3.0
0.494911 3.866586 0.987736 4.0
4.005321 3.583647 0.354637 2.0
0.024574 5.212587 0.186889 4.0
3.266664 4.133866 0.60823 2.0
2.738248 1.914615 1.043048 1.0
1.76035 1.981655 1.42976 0.0
-0.237177 5.083933 0.10705 4.0
0.247613 1.60876 0.74833 5.0
-0.500214 1.927189 0.403199 5.0
0.004094 3.409322 0.847102 4.0
3.756151 0.933559 0.072435 1.0
-0.21734 5.216684 0.031613 4.0
2.003934 0.225124 0.147071 0.0
4.002574 1.636734 0.173736 1.0
1.521898 4.115019 1.146019 3.0
1.757756 2.539598 1.84089 0.0
0.502867 5.574757 0.121301 3.0
0.25012 1.86382 0.848785 5.0
2.740922 2.145219 1.138561 1.0
1.758652 0.732496 0.553735 0.0
2.240653 3.680908 1.402444 2.0
3.761542 3.953861 0.352404 2.0
-0.715087 3.195519 0.446161 4.0
0.74799 3.484854 1.306917 4.0
1.274159 5.16018 0.414668 3.0
2.00022 3.396632 1.63823 2.0
2.259355 5.154753 0.424901 3.0
3.743895 4.565866 0.145914 2.0
-0.748849 3.837969 0.238356 4.0
3.768624 3.138617 0.657876 2.0
1.491583 3.744408 1.425207 3.0
2.772545 3.388358 1.19651 2.0
1.249885 1.520749 1.114475 0.0
2.020981 4.842207 0.645612 3.0
-0.227833 1.364721 0.358475 5.0
3.009133 1.628315 0.782482 1.0
4.017822 2.469162 0.491601 1.0
2.736578 1.711767 0.970154 1.0
0.02594 2.766944 1.006518 5.0
2.518808 5.044881 0.489028 3.0
3.738258 4.973968 0.07323 2.0
3.247037 1.777376 0.690727 1.0
4.508523 3.523407 0.048096 2.0
-0.48011 2.094179 0.462406 5.0
-0.761546 2.599325 0.44989 5.0
0.505707 0.025658 0.064645 0.0
2.518143 3.004674 1.478047 2.0
-0.986175 3.13736 0.339288 4.0
0.504956 2.395047 1.195195 5.0
2.497533 1.504959 1.060977 1.0
-0.254817 1.075524 0.246254 5.0
1.249119 3.256315 1.681452 4.0
0.501725 3.739711 1.072742 4.0
-0.738458 1.406317 0.075709 5.0
-0.473852 0.934795 0.035255 5.0
-0.486209 1.967361 0.399145 5.0
-1.255369 2.895691 0.228419 4.0
2.496601 1.352906 0.96282 0.0
2.27057 0.496378 0.353936 0.0
2.246484 3.470747 1.474022 2.0
-0.230095 2.657557 0.818709 5.0
1.253881 0.292692 0.224502 0.0
1.748976 4.357215 0.995266 3.0
1.00714 1.760524 1.274303 5.0
4.503667 3.262364 0.155988 2.0
0.011191 2.289569 0.839579 5.0
1.501895 3.875952 1.377845 3.0
4.498067 2.054989 0.078021 1.0
3.262111 5.359885 0.162593 2.0
2.015186 1.286364 0.92853 0.0
-0.721309 1.744134 0.177227 5.0
3.517662 0.694348 0.141781 1.0
2.504601 1.273219 0.948034 0.0
3.257428 1.542117 0.599493 1.0
4.245992 1.444444 0.003119 1.0
1.754497 2.905585 1.940254 2.0
3.751605 2.247272 0.547787 1.0
1.496598 5.065643 0.467855 3.0
4.530543 2.996624 0.255634 2.0
1.009893 3.601005 1.383337 4.0
-0.989918 1.52408 0.019472 5.0
2.995901 4.696217 0.564632 2.0
-0.000249 1.607062 0.611958 5.0
4.019398 4.016746 0.167449 2.0
2.518649 1.056865 0.7797 0.0
-0.503531 1.378647 0.191651 5.0
0.00249 3.263441 0.909025 4.0
2.268966 4.459304 0.909784 3.0
2.000415 1.694286 1.250702 0.0
0.758656 1.785867 1.134767 5.0
-0.002858 3.427569 0.848438 4.0
0.746791 3.201575 1.379572 4.0
2.000119 3.726862 1.450088 3.0
1.007819 4.991102 0.531499 3.0
3.005903 0.542931 0.393104 0.0
0.027862 3.329318 0.897362 4.0
2.748907 3.343886 1.202783 2.0
2.236505 1.916898 1.360653 1.0
-1.016967 3.401944 0.223151 4.0
2.503162 4.161001 1.096611 2.0
0.999017 3.676139 1.369989 4.0
0.033376 2.963035 1.030445 4.0
3.495946 5.451235 0.061393 2.0
-0.244736 4.027824 0.487764 4.0
3.23361 2.997939 1.029498 2.0
3.484167 0.582554 0.08717 1.0
1.023132 1.324311 0.969294 0.0
2.503488 2.058364 1.261758 1.0
0.261921 4.193853 0.713809 4.0
0.763195 3.114835 1.426009 4.0
0.498401 3.477078 1.145332 4.0
3.508296 2.454181 0.787346 1.0
0.75948 4.875232 0.628052 3.0
0.745244 0.405049 0.298921 0.0
3.753665 1.041213 0.11221 1.0
3.010643 3.553997 0.980127 2.0
1.503644 0.273541 0.191102 0.0
0.248003 2.794065 1.17457 5.0
1.757756 2.539598 1.84089 0.0
2.277363 4.848877 0.648221 3.0
0.495373 5.13376 0.417212 3.0
3.527338 3.479961 0.700714 2.0
0.263916 4.399064 0.64661 4.0
3.486949 2.599008 0.823811 1.0
2.518887 5.138819 0.420745 3.0
1.755603 4.473301 0.881391 3.0
2.241484 3.278414 1.561087 2.0
2.24996 1.973691 1.373205 1.0
2.005025 1.859223 1.337138 0.0
0.519683 3.852133 1.005412 4.0
-0.24053 3.635259 0.61529 4.0
2.260041 5.540114 0.163677 3.0
1.245123 1.942523 1.429081 0.0
1.511571 0.719568 0.532272 0.0
2.495083 1.75053 1.143822 1.0
3.24093 3.627628 0.789759 2.0
0.751466 1.978519 1.196712 5.0
2.250849 1.907916 1.3703 1.0
2.238709 2.417023 1.53974 1.0
1.260313 3.404105 1.641778 4.0
0.757804 5.496162 0.169877 3.0
2.76078 3.877079 1.031652 2.0
4.771091 2.957478 0.094375 2.0
4.247777 3.941091 0.038326 2.0
2.009209 0.534086 0.392034 0.0
3.241725 1.245282 0.478218 1.0
-0.261855 3.356945 0.729837 4.0
2.265396 4.158616 1.099393 3.0
2.015215 1.23833 0.898525 0.0
1.999685 1.22684 0.900195 0.0
4.257431 3.353649 0.27628 2.0
3.50641 2.017578 0.618874 1.0
1.006063 5.258013 0.340184 3.0
0.757984 1.773026 1.124606 5.0
-0.485899 3.092903 0.683906 4.0
0.506957 0.286275 0.211271 0.0
3.241465 1.936944 0.742303 1.0
2.765723 3.875475 1.020848 2.0
0.274568 1.16665 0.596805 5.0
2.984231 3.061149 1.180294 2.0
1.24565 3.592109 1.532188 3.0
2.736672 0.667841 0.506502 0.0
3.747804 0.977569 0.089403 1.0
4.489532 3.524896 0.064891 2.0
-0.247561 0.676816 0.100344 5.0
-1.24187 3.6481 0.058474 4.0
-0.238427 1.663588 0.473629 5.0
4.251701 3.095974 0.34168 2.0
4.002278 1.852452 0.249174 1.0
0.015237 1.198468 0.459732 5.0
3.505565 1.126485 0.301949 1.0
2.490762 2.039069 1.239168 1.0
3.009437 3.887492 0.868015 2.0
1.511622 3.15182 1.850602 3.0
2.497721 2.048977 1.242449 1.0
3.265399 3.267459 0.919056 2.0
1.483026 2.140457 1.562091 0.0
3.771666 3.734883 0.429309 2.0
0.27172 3.173579 1.097847 4.0
2.980372 2.55627 1.109669 1.0
-0.231042 1.403347 0.371367 5.0
1.26183 2.333239 1.616565 5.0
3.500752 1.558637 0.452405 1.0
1.014222 4.983015 0.529323 3.0
-0.21734 5.216684 0.031613 4.0
3.745087 0.562522 0.025499 1.0
2.02755 5.273398 0.319162 3.0
1.511239 5.439557 0.205518 3.0
3.25896 2.179553 0.857378 1.0
4.244908 3.425994 0.251999 2.0
2.493717 4.929323 0.569575 3.0
0.498936 1.704367 0.955853 5.0
0.267327 0.008777 0.024437 0.0
0.761475 2.118994 1.267185 5.0
-0.23154 2.554687 0.783371 5.0
4.501376 3.13366 0.212694 2.0
4.742879 2.514074 0.094606 1.0
1.991432 0.045105 0.059529 0.0
0.988596 1.887963 1.339038 5.0
2.998142 5.238089 0.340163 3.0
4.257099 3.068361 0.379706 2.0
1.513602 5.61743 0.084764 3.0
2.007439 4.71617 0.729613 3.0
0.770096 3.401055 1.333264 4.0
2.261436 4.000999 1.211729 3.0
2.513048 0.600555 0.437894 0.0
-0.239143 3.857358 0.564632 4.0
-0.500619 4.888225 0.094881 4.0
1.261671 3.271029 1.685152 4.0
1.498296 0.703619 0.533645 0.0
1.007826 0.798099 0.585018 0.0
3.514894 4.772746 0.234352 2.0
-0.473765 1.549019 0.256017 5.0
1.753391 3.515349 1.615206 3.0
2.741622 2.436166 1.253787 1.0
1.754497 2.905585 1.940254 2.0
1.271514 4.581482 0.843055 3.0
2.745633 5.461005 0.185581 3.0
3.233061 3.204639 0.948851 2.0
-0.213843 1.900003 0.54283 5.0
0.766548 4.269651 1.021188 4.0
3.000201 1.194855 0.630661 1.0
-0.493992 2.085124 0.447216 5.0
2.761004 0.238385 0.19186 0.0
0.011921 1.54232 0.58285 5.0
3.251958 2.486643 0.942874 1.0
1.020754 0.563592 0.426028 0.0
4.001519 2.099078 0.327234 1.0
0.769973 2.400748 1.364476 5.0
0.498329 3.8369 0.991957 4.0
2.741153 5.380827 0.253271 3.0
3.73867 3.352999 0.592382 2.0
3.013794 0.824215 0.480414 1.0
0.521902 0.017261 0.046174 0.0
3.253916 1.705704 0.636095 1.0
1.249661 0.775711 0.604797 0.0
0.000589 2.853958 1.016722 5.0
2.248602 5.179403 0.390206 3.0
1.495969 4.686866 0.756626 3.0
2.743501 0.174784 0.140473 0.0
1.254618 4.916481 0.6081 3.0
0.247613 1.60876 0.74833 5.0
3.512589 1.481306 0.407622 1.0
3.525047 5.021142 0.123606 2.0
3.749567 3.517127 0.5273 2.0
3.515313 3.587231 0.662349 2.0
4.74741 2.970811 0.078332 2.0
0.489325 0.954538 0.664437 5.0
-0.50635 3.861542 0.396508 4.0
-0.967003 2.518165 0.30437 5.0
1.02246 1.94381 1.322771 5.0
3.996598 1.665936 0.164703 1.0
1.264923 1.230742 0.925307 0.0
0.003263 4.421935 0.481744 4.0
-0.738096 2.733008 0.533009 5.0
2.018322 2.534858 1.72773 1.0
2.75372 4.842648 0.613042 3.0
2.018922 3.518768 1.59086 3.0
2.756805 5.037893 0.506141 3.0
-0.495387 0.649464 0.015064 5.0
3.485063 3.804417 0.590691 2.0
2.257548 1.879422 1.317236 1.0
2.513048 0.600555 0.437894 0.0
0.510289 2.540307 1.242463 5.0
3.748852 0.877055 0.044266 1.0
0.528948 2.510757 1.243143 5.0
2.253653 5.376441 0.263685 3.0
3.502349 3.808001 0.572401 2.0
4.003593 2.187018 0.366438 1.0
1.017112 3.630229 1.399025 4.0
4.737784 2.357469 0.030876 1.0
1.270798 2.170592 1.566044 0.0
2.004136 0.537244 0.416518 0.0
3.998289 4.672471 0.009442 2.0
2.761235 5.023412 0.496212 3.0
2.785386 1.000455 0.714929 1.0
2.262889 2.132443 1.422967 1.0
4.248341 4.120244 0.069393 2.0
2.497215 2.361545 1.374296 1.0
0.514755 0.400663 0.315759 0.0
3.7629 4.050891 0.32141 2.0
1.002941 1.033524 0.753215 0.0
0.500858 5.293704 0.297447 3.0
2.25619 3.607494 1.427548 2.0
2.001867 4.477182 0.897665 3.0
0.498278 4.138462 0.891747 4.0
3.731292 1.729681 0.341608 1.0
4.497431 2.821497 0.279012 1.0
1.753297 4.582956 0.844124 3.0
0.26083 5.513925 0.149961 3.0
3.24093 3.627628 0.789759 2.0
1.514447 1.193229 0.886558 0.0
2.758121 2.111428 1.118536 1.0
4.773787 3.023456 0.07482 2.0
2.011869 3.756599 1.421139 3.0
3.993975 1.264605 0.02245 1.0
3.001755 0.882526 0.506228 1.0
0.019754 1.955293 0.729078 5.0
3.755132 1.944959 0.445908 1.0
-0.252851 1.290751 0.343248 5.0
3.008981 1.219837 0.636782 1.0
2.512579 2.666828 1.48794 1.0
0.745352 5.314553 0.322515 3.0
3.007211 2.332415 1.052594 1.0
3.240041 1.407813 0.549456 1.0
2.008248 1.841714 1.366333 0.0
0.251862 5.621491 0.07005 3.0
0.761475 2.118994 1.267185 5.0
1.755603 4.473301 0.881391 3.0
1.511809 2.982908 1.940276 4.0
-0.251269 0.166893 -0.000654 5.0
-0.247944 4.62732 0.265282 4.0
2.497417 2.160886 1.305869 1.0
1.511571 0.719568 0.532272 0.0
1.98839 2.084127 1.519535 0.0
0.996163 0.831167 0.592035 0.0
3.002499 3.016179 1.161259 2.0
0.983509 1.656166 1.201099 0.0
-0.467254 0.831254 0.101796 5.0
2.005538 1.820222 1.32585 0.0
2.245957 5.398004 0.234815 3.0
0.254507 0.219018 0.200547 0.0
0.523665 4.092696 0.92032 4.0
3.247702 2.395495 0.897795 1.0
2.500893 3.261215 1.426587 2.0
-0.23743 3.310153 0.752167 4.0
1.747769 1.094176 0.787837 0.0
1.254495 2.869958 1.792588 4.0
0.267645 0.085595 0.087726 0.0
0.744825 4.882198 0.615817 3.0
2.760368 4.778816 0.680336 3.0
0.998728 0.136672 0.108055 0.0
0.984362 1.68901 1.213492 0.0
1.758652 0.732496 0.553735 0.0
1.020335 5.06031 0.455505 3.0
4.475202 3.774824 0.04509 2.0
1.250138 1.407929 1.043894 0.0
1.998406 2.359897 1.670431 1.0
1.011945 3.525358 1.432853 4.0
1.232093 1.914795 1.396113 0.0
2.251687 0.274857 0.22821 0.0
0.490279 3.853853 0.998143 4.0
2.248334 4.220294 1.106121 3.0
1.763899 5.584499 0.104933 3.0
4.015365 4.5287 0.082075 2.0
2.020815 3.888569 1.335671 3.0
2.499947 1.004177 0.737591 0.0
0.262615 0.038341 0.047648 0.0
4.001107 3.927058 0.249643 2.0
1.008679 2.175296 1.446525 5.0
3.24093 3.627628 0.789759 2.0
-0.504138 1.598361 0.296854 5.0
1.005564 2.370173 1.485931 5.0
0.764286 0.982916 0.702564 0.0
3.495701 3.459676 0.695699 2.0
3.750052 3.417582 0.543321 2.0
2.508062 0.876802 0.652022 0.0
0.99802 2.773014 1.645044 5.0
-0.475854 4.912427 0.053914 4.0
3.001683 0.351862 0.246782 0.0
-0.731592 2.032869 0.29736 5.0
1.001857 1.763198 1.262828 5.0
4.766285 2.915824 0.11135 2.0
1.247356 1.680924 1.240996 0.0
-0.23868 1.373241 0.346414 5.0
2.757087 1.251988 0.805918 1.0
1.519643 2.534699 1.815344 0.0
0.01893 1.02879 0.382777 5.0
1.002876 3.944748 1.262481 4.0
1.005405 3.11769 1.568827 4.0
2.275188 3.352348 1.52705 2.0
1.25047 3.003063 1.767071 4.0
0.510036 5.19064 0.40807 3.0
2.498805 2.882033 1.529919 2.0
3.254335 3.927571 0.690778 2.0
-1.22191 2.22706 0.059493 5.0
1.23674 5.173007 0.383305 3.0
1.012646 4.32815 1.024895 3.0
-0.736911 3.419714 0.373296 4.0
3.265197 1.458912 0.552166 1.0
1.729609 4.058941 1.201135 3.0
-0.750251 2.207823 0.350164 5.0
1.272157 2.14871 1.530302 0.0
1.495319 1.241285 0.914337 0.0
3.010983 1.322822 0.671483 1.0
4.499216 3.652552 0.091123 2.0
1.255066 3.263947 1.704193 4.0
1.989315 0.805441 0.592656 0.0
1.757756 2.539598 1.84089 0.0
-0.231042 1.403347 0.371367 5.0
4.269471 2.875985 0.421612 2.0
2.250632 5.043031 0.487764 3.0
1.007826 0.798099 0.585018 0.0
2.002677 5.362638 0.285718 3.0
2.500337 5.421259 0.223086 3.0
4.48477 2.643479 0.22099 1.0
3.743071 1.545723 0.276367 1.0
2.013307 4.832249 0.664322 3.0
2.261732 2.366394 1.52374 1.0
1.513891 0.950607 0.720284 0.0
-0.245646 0.466771 0.040978 5.0
3.76006 2.756661 0.7297 1.0
0.267919 2.364963 1.033516 5.0
-0.515376 1.499113 0.238182 5.0
1.263312 0.031439 0.054528 0.0
0.238927 4.842807 0.482561 4.0
3.263528 5.158576 0.26302 2.0
3.257515 1.162365 0.469293 1.0
0.742476 4.512057 0.859199 3.0
3.003533 0.513093 0.40445 1.0
-0.241217 2.116646 0.620247 5.0
2.278491 5.713607 0.08511 3.0
4.500227 3.540483 0.049057 2.0
1.514787 3.207725 1.822115 3.0
0.781926 2.738573 1.452017 5.0
3.016981 5.011929 0.462247 2.0
3.517843 2.980574 0.864575 2.0
1.49047 2.953525 1.946606 4.0
3.261641 0.518744 0.236831 1.0
1.010666 2.729634 1.645991 5.0
0.5106 4.225967 0.860051 4.0
1.502191 4.795921 0.685452 3.0
2.253032 3.757517 1.365632 2.0
3.50576 0.675154 0.146391 1.0
-0.263937 4.161962 0.423874 4.0
2.014434 3.119771 1.749518 2.0
2.261024 1.557141 1.142319 0.0
3.758947 4.54566 0.155612 2.0
3.025855 5.076758 0.420304 2.0
4.013458 1.389017 0.066249 1.0
0.759509 3.220262 1.384088 4.0
2.74619 0.693278 0.539917 0.0
1.003338 5.430329 0.208033 3.0
0.012419 0.350879 0.145921 5.0
0.516337 5.186066 0.395402 3.0
4.752201 2.653531 0.043536 1.0
2.286859 4.968859 0.546067 3.0
2.752029 1.954158 1.067329 1.0
0.510881 3.724463 1.04195 4.0
2.002561 1.375669 0.976297 0.0
2.508936 5.394297 0.24624 3.0
2.273649 1.15469 0.848858 0.0
-0.489931 2.26497 0.519756 5.0
1.498332 1.635021 1.183488 0.0
4.2671 1.738989 0.056017 1.0
3.509691 2.774597 0.899595 1.0
3.741785 4.349685 0.229265 2.0
2.75721 2.050769 1.094761 1.0
1.23674 5.173007 0.383305 3.0
1.744011 2.13748 1.534645 0.0
0.01531 4.420129 0.487865 4.0
-0.992259 2.727646 0.396638 5.0
3.02368 2.905411 1.227888 2.0
0.010143 1.414671 0.537316 5.0
4.271285 2.764415 0.410231 1.0
-0.750562 2.103999 0.313099 5.0
3.761845 4.427305 0.191376 2.0
2.249823 1.059496 0.78598 0.0
4.752165 2.802824 0.107296 1.0
1.034824 4.289105 1.031016 3.0
3.973864 1.468595 0.110743 1.0
2.999334 5.162153 0.37881 2.0
3.762416 0.592743 0.023288 1.0
3.514164 4.166009 0.42683 2.0
4.510872 2.224935 0.056775 1.0
1.772701 1.162054 0.844702 0.0
1.251099 2.796558 1.795536 5.0
-0.233376 0.774743 0.141795 5.0
0.008828 5.155584 0.226974 4.0
2.249801 3.616752 1.415733 2.0
0.023042 4.152647 0.578247 4.0
4.475202 3.774824 0.04509 2.0
-0.24595 4.657693 0.224698 4.0
2.005011 2.827408 1.825078 1.0
-0.498061 2.606603 0.629504 5.0
2.242799 0.992679 0.730198 0.0
2.505085 2.417001 1.362459 1.0
3.003511 0.333485 0.259219 0.0
3.741756 4.005559 0.346963 2.0
0.5106 4.225967 0.860051 4.0
1.236827 3.473349 1.623105 4.0
3.006134 5.104204 0.380147 2.0
2.258567 3.124692 1.625894 2.0
3.74229 3.501113 0.5563 2.0
2.756711 3.409431 1.176955 2.0
2.027138 1.728706 1.263717 0.0
3.99714 3.695051 0.288464 2.0
0.25661 0.462608 0.321012 0.0
-1.5018 2.432516 0.030088 5.0
4.243217 2.805295 0.419712 1.0
2.758005 0.920862 0.64674 0.0
3.511462 3.104595 0.815262 2.0
0.500692 4.51226 0.766844 4.0
1.998991 0.721729 0.573781 0.0
1.782384 2.874612 1.977196 2.0
0.740005 0.544673 0.406422 0.0
1.513551 1.227707 0.892946 0.0
4.239033 3.901562 0.0885 2.0
4.752165 2.802824 0.107296 1.0
3.274425 0.499825 0.215592 1.0
0.267327 0.008777 0.024437 0.0
4.273915 3.92601 0.061726 2.0
0.738256 2.879258 1.498397 4.0
-0.751704 4.455409 0.098183 4.0
1.507459 5.474258 0.181187 3.0
-0.495784 4.012012 0.334251 4.0
3.996324 1.813957 0.231245 1.0
3.280459 4.646123 0.435617 2.0
1.768813 5.136232 0.430422 3.0
-0.475782 4.065756 0.285118 4.0
0.788495 1.059113 0.772907 0.0
2.749991 5.640649 0.056746 3.0
-0.985828 2.063329 0.142474 5.0
-0.741608 2.026958 0.281389 5.0
-0.499969 4.177066 0.268302 4.0
1.001423 3.884472 1.290758 4.0
-0.989159 3.26769 0.278773 4.0
-0.007613 3.498295 0.832627 4.0
1.751968 5.083652 0.476223 3.0
-0.251941 0.363952 0.047757 5.0
4.510872 2.224935 0.056775 1.0
1.25047 3.003063 1.767071 4.0
3.745289 2.544671 0.679374 1.0
0.002288 3.452566 0.822907 4.0
0.041058 4.009367 0.640214 4.0
3.001697 5.451827 0.191766 3.0
0.99979 1.883244 1.305103 5.0
0.521765 4.171133 0.890945 4.0
1.754519 4.18547 1.11058 3.0
3.491603 0.194158 0.016632 1.0
3.003887 2.0676 0.941574 1.0
1.014995 3.333408 1.521898 4.0
3.993484 4.371336 0.043088 2.0
-0.992729 3.416281 0.205988 4.0
1.506014 5.292143 0.328138 3.0
1.271875 2.949688 1.794864 4.0
3.998665 3.329238 0.417732 2.0
2.509283 5.245677 0.34546 3.0
-0.011226 2.668967 0.996228 5.0
-0.739549 2.750085 0.536579 5.0
2.013813 2.385551 1.692884 1.0
2.252316 2.72537 1.649547 1.0
2.742432 1.656354 0.956641 1.0
1.517294 3.880237 1.340585 3.0
1.270733 4.321559 1.03572 3.0
4.245905 3.210268 0.361018 2.0
2.740784 4.241779 0.877764 2.0
-1.49685 2.595886 0.009651 5.0
4.252033 1.473914 0.025383 1.0
0.50424 2.644318 1.279499 5.0
1.260963 2.120028 1.532868 0.0
1.759931 3.727122 1.446908 3.0
1.272439 2.839874 1.818979 5.0
2.023879 4.837857 0.648821 3.0
3.24815 1.477614 0.571425 1.0
3.495043 1.321702 0.369105 1.0
3.762799 1.31342 0.202599 1.0
-0.22977 1.287188 0.342974 5.0
0.742476 4.512057 0.859199 3.0
-0.761423 4.558935 0.052367 4.0
1.261946 2.49379 1.686149 5.0
2.761004 0.238385 0.19186 0.0
3.508296 2.454181 0.787346 1.0
1.254329 0.127711 0.133261 0.0
1.511802 4.700452 0.743156 3.0
-0.509182 2.146231 0.495352 5.0
1.256071 3.321 1.6579 4.0
1.511766 0.870667 0.630437 0.0
3.001625 2.676902 1.138734 1.0
4.754774 2.86727 0.115332 2.0
4.499216 3.652552 0.091123 2.0
0.770262 2.076915 1.248396 5.0
2.503061 2.248081 1.320596 1.0
4.006968 4.009736 0.203929 2.0
0.010063 0.824439 0.333652 5.0
2.01296 0.023049 0.030016 0.0
2.012382 3.188155 1.73818 2.0
0.508742 1.499568 0.871296 5.0
1.754251 2.670138 1.920945 0.0
-0.486751 2.670962 0.658873 5.0
-0.74077 3.240844 0.447404 4.0
4.010076 3.236031 0.45015 2.0
2.742685 5.638878 0.041925 3.0
0.513859 4.607129 0.715182 4.0
2.770991 1.589458 0.932699 1.0
3.489464 4.72409 0.256769 2.0
2.747996 0.509862 0.390683 0.0
1.992068 5.024907 0.498987 3.0
2.488254 3.932954 1.154156 2.0
1.02676 1.191907 0.876246 0.0
1.724572 0.082827 0.054123 0.0
-0.237878 4.655409 0.239049 4.0
2.494115 3.563247 1.304662 2.0
3.012949 5.430871 0.201746 3.0
4.011456 1.35881 0.072941 1.0
3.74229 2.511654 0.63212 1.0
3.732115 5.106061 0.041607 2.0
-0.01924 2.628145 0.973507 5.0
4.745726 2.524372 0.074863 1.0
1.994482 1.630057 1.193381 0.0
3.998376 4.241931 0.114226 2.0
-0.23326 2.734512 0.844912 5.0
2.743501 0.174784 0.140473 0.0
1.998261 0.485054 0.377574 0.0
-0.00345 3.676826 0.757963 4.0
1.023789 5.356611 0.26208 3.0
3.011511 1.455891 0.717545 1.0
-0.240508 1.500984 0.404428 5.0
2.751971 2.826772 1.362814 1.0
-0.236794 4.314781 0.376201 4.0
-0.005553 4.348803 0.513403 4.0
0.990338 1.656954 1.176269 0.0
0.01377 2.078266 0.778045 5.0
1.756694 1.925071 1.403715 0.0
1.250355 4.233707 1.079014 3.0
2.258589 2.540581 1.586401 1.0
3.259329 2.103877 0.785069 1.0
2.017607 1.891352 1.384905 0.0
3.016251 3.402529 1.020603 2.0
1.757156 1.228581 0.904812 0.0
1.496359 5.273318 0.343776 3.0
4.256803 2.416878 0.276475 1.0
4.762347 2.395914 0.043298 1.0
2.999363 3.807242 0.904856 2.0
0.505555 1.870757 1.00177 5.0
0.991451 4.756833 0.700938 3.0
2.766193 3.577974 1.121065 2.0
0.755007 2.99132 1.466261 4.0
-0.967003 2.518165 0.30437 5.0
2.507737 0.49111 0.36565 0.0
0.262333 1.916154 0.854285 5.0
2.27646 2.873643 1.673033 2.0
1.998847 5.391544 0.249094 3.0
3.759027 1.299856 0.193761 1.0
0.260852 2.704088 1.157834 5.0
0.267919 2.364963 1.033516 5.0
1.970627 1.765973 1.284269 0.0
3.502407 4.973621 0.149455 2.0
3.506685 0.143934 0.024907 0.0
3.253027 0.631716 0.263171 1.0
0.280356 0.019313 0.027479 0.0
2.505612 3.91069 1.157812 2.0
4.012749 3.653195 0.317854 2.0
2.511234 1.731061 1.120473 1.0
1.508124 5.02894 0.515651 3.0
1.754316 3.855457 1.347753 3.0
4.247322 3.785194 0.11333 2.0
-0.499405 4.799347 0.036982 4.0
2.500301 0.080413 0.066004 0.0
2.244793 5.665414 0.034243 3.0
0.764748 4.824842 0.66581 3.0
1.009387 2.108574 1.404091 5.0
2.263452 0.644774 0.494463 0.0
2.518808 5.044881 0.489028 3.0
-0.489194 1.095867 0.102151 5.0
0.01531 4.420129 0.487865 4.0
1.004885 4.454852 0.930394 3.0
0.523773 3.531804 1.117893 4.0
4.004692 2.421539 0.444311 1.0
-0.715087 3.195519 0.446161 4.0
1.246243 4.576626 0.848475 3.0
-0.246094 2.115952 0.636153 5.0
2.276503 2.467651 1.553058 1.0
2.259738 0.765348 0.575421 0.0
3.487036 0.718224 0.150503 1.0
1.259612 0.152259 0.122428 0.0
0.006342 0.102548 0.017203 5.0
3.995796 3.274519 0.454218 2.0
0.513859 4.607129 0.715182 4.0
2.991399 2.455135 1.099567 1.0
3.485656 2.396882 0.766461 1.0
2.5089 5.11771 0.448351 3.0
-0.234619 2.532466 0.76795 5.0
3.24463 1.26978 0.496754 1.0
0.981196 0.10679 0.098573 0.0
2.76078 3.877079 1.031652 2.0
0.005366 3.694603 0.741884 4.0
0.747036 4.315294 0.979571 4.0
1.262394 2.214175 1.569412 5.0
3.268825 4.648269 0.402607 2.0
1.986092 5.153452 0.410758 3.0
4.019398 4.016746 0.167449 2.0
1.260371 3.776414 1.438208 3.0
3.005903 0.542931 0.393104 0.0
2.256182 2.236006 1.481458 1.0
1.998261 0.485054 0.377574 0.0
3.752415 0.760369 0.096406 1.0
0.008828 5.155584 0.226974 4.0
2.009954 2.719365 1.79868 1.0
1.264923 1.230742 0.925307 0.0
1.023652 4.91445 0.618954 3.0
0.7661 0.742418 0.549753 0.0
-1.24187 3.6481 0.058474 4.0
0.785597 1.685715 1.094306 5.0
3.486075 2.498024 0.809437 1.0
0.011603 3.425618 0.831276 4.0
1.005564 2.370173 1.485931 5.0
0.25111 1.972839 0.890085 5.0
1.272157 2.14871 1.530302 0.0
0.761215 3.418832 1.321861 4.0
3.259726 0.003032 0.07482 1.0
0.767646 2.200126 1.299444 5.0
1.998587 3.863125 1.340108 3.0
0.749703 2.137964 1.247002 5.0
2.50317 4.188693 1.060984 2.0
1.754497 2.905585 1.940254 2.0
-1.241892 3.604149 0.065613 4.0
2.994348 3.137851 1.128025 2.0
1.259128 0.812884 0.590171 0.0
2.255958 3.631299 1.429673 2.0
1.270553 3.681292 1.490462 3.0
3.250448 1.110724 0.452535 1.0
-0.708345 4.181582 0.107787 4.0
1.514223 4.80408 0.673528 3.0
1.25047 3.003063 1.767071 4.0
0.767957 1.173284 0.84054 0.0
0.74799 3.484854 1.306917 4.0
1.502451 2.837171 1.972181 5.0
0.751632 1.873987 1.152551 5.0
3.508491 3.766087 0.602839 2.0
3.246394 1.258405 0.510462 1.0
4.017107 1.332578 0.068966 1.0
4.019521 4.665281 0.047432 2.0
0.988893 0.433384 0.328224 0.0
0.514119 3.5037 1.109539 4.0
4.014657 3.974673 0.183001 2.0
2.760195 3.766586 1.068811 2.0
2.750077 4.979677 0.56633 3.0
3.268261 3.428089 0.878457 2.0
0.519033 4.226148 0.841877 4.0
3.270053 2.46664 0.924028 1.0
4.750199 3.396567 0.011892 2.0
3.74951 4.93493 0.064638 2.0
-0.234958 0.588841 0.069667 5.0
2.280145 5.345728 0.260722 3.0
0.495858 3.901772 0.994616 4.0
0.498936 1.704367 0.955853 5.0
2.993105 3.241667 1.091574 2.0
-0.7378 1.764383 0.176135 5.0
2.260417 5.649458 0.063467 3.0
-1.484977 2.873925 0.096687 4.0
0.009796 4.027802 0.626975 4.0
4.75111 2.375441 0.034915 1.0
2.504861 1.795399 1.184131 1.0
2.509746 4.26382 1.018615 2.0
1.776191 3.658159 1.489566 3.0
0.992123 5.491747 0.17271 3.0
1.00185 2.352504 1.49443 5.0
0.508222 0.482662 0.362688 0.0
3.76006 4.088881 0.314689 2.0
3.495043 1.321702 0.369105 1.0
-1.228067 2.550691 0.174936 5.0
0.531094 2.684273 1.301764 5.0
4.245146 2.482466 0.319488 1.0
1.008397 2.807824 1.638815 5.0
0.486022 0.776072 0.56878 0.0
-1.242983 3.531443 0.027118 4.0
1.999685 1.22684 0.900195 0.0
3.516759 0.951575 0.232567 1.0
-0.731592 2.032869 0.29736 5.0
2.008422 4.696615 0.764365 3.0
0.759834 2.911973 1.496012 4.0
-0.495669 3.15195 0.619163 4.0
1.502451 2.837171 1.972181 5.0
0.761619 3.730786 1.202212 4.0
1.526595 3.875489 1.325922 3.0
0.518303 4.391107 0.814235 4.0
1.511441 5.039252 0.489448 3.0
1.27228 1.618227 1.194841 0.0
1.510892 1.332527 0.975148 0.0
1.24143 5.393914 0.248256 3.0
4.739894 2.987186 0.077884 2.0
0.019754 1.955293 0.729078 5.0
4.016478 2.744043 0.550483 1.0
-0.728926 3.387968 0.381043 4.0
2.743501 0.174784 0.140473 0.0
-0.750562 2.103999 0.313099 5.0
1.00237 0.491587 0.369849 0.0
3.257681 0.628326 0.279771 1.0
2.757369 3.777404 1.070726 2.0
2.761871 0.55174 0.393964 0.0
1.249878 0.527567 0.386022 0.0
0.000257 4.873252 0.335025 4.0
3.00716 1.018088 0.568758 1.0
-0.473202 3.476861 0.518274 4.0
3.992017 3.055766 0.528962 2.0
2.784859 4.593991 0.736348 2.0
0.267327 0.008777 0.024437 0.0
0.010143 1.414671 0.537316 5.0
3.260355 2.602664 0.985063 1.0
0.263302 0.221699 0.192836 0.0
4.007763 1.031818 0.036592 1.0
-0.470318 5.097115 -0.00577 4.0
0.248003 2.794065 1.17457 5.0
4.251679 1.508081 0.043616 1.0
0.494152 5.308808 0.286614 3.0
1.496598 5.065643 0.467855 3.0
2.003934 0.225124 0.147071 0.0
-0.490755 0.631839 -0.004115 5.0
3.016612 2.855686 1.210811 1.0
1.743672 3.051206 1.944048 3.0
3.484167 0.582554 0.08717 1.0
1.259099 4.441584 0.909893 3.0
3.498938 2.24342 0.712869 1.0
1.767454 2.739859 1.969261 1.0
-0.22977 1.287188 0.342974 5.0
0.259891 0.443646 0.328694 5.0
4.507794 1.983917 0.035782 1.0
0.508302 0.816143 0.592888 0.0
1.484204 0.826253 0.58564 0.0
0.49387 4.550191 0.72983 4.0
2.754117 0.776325 0.548842 0.0
3.000201 1.194855 0.630661 1.0
3.502826 3.073406 0.849602 2.0
4.511277 3.761939 0.039417 2.0
2.23787 1.09328 0.803468 0.0
0.254232 4.461717 0.633551 4.0
3.763442 4.899036 0.015245 2.0
2.999746 1.73182 0.835055 1.0
4.247777 3.941091 0.038326 2.0
3.238293 1.330786 0.530921 1.0
3.244594 3.865379 0.717516 2.0
1.501895 3.875952 1.377845 3.0
1.247175 0.77316 0.602904 0.0
1.513551 1.227707 0.892946 0.0
0.523665 4.092696 0.92032 4.0
2.491015 3.522157 1.307661 2.0
2.250864 4.921778 0.572444 3.0
0.239252 5.018917 0.440163 4.0
2.258054 2.648047 1.611037 1.0
1.26467 1.68406 1.239862 0.0
2.51255 1.080387 0.817068 0.0
2.261436 4.000999 1.211729 3.0
2.751971 2.826772 1.362814 1.0
-1.462986 2.910108 0.084135 4.0
0.99411 4.527854 0.866396 3.0
4.759189 3.121194 0.050141 2.0
-0.758605 3.944141 0.176995 4.0
-0.472927 4.381937 0.198704 4.0
0.767119 3.132432 1.427187 4.0
3.51037 2.572826 0.807818 1.0
3.247037 1.777376 0.690727 1.0
0.761215 3.418832 1.321861 4.0
-0.008668 0.117818 0.056009 5.0
0.752716 4.410351 0.940237 4.0
-0.00723 5.133298 0.199217 4.0
1.275438 5.29653 0.293147 3.0
1.510256 2.947484 1.965677 4.0
1.256114 4.19313 1.095809 3.0
3.494747 1.788209 0.53311 1.0
3.261251 5.434346 0.117059 2.0
-0.009875 0.90654 0.341348 5.0
0.031678 4.289365 0.555592 4.0
1.002493 3.180726 1.569961 4.0
-1.238553 2.08938 0.065881 5.0
0.262283 0.396522 0.272645 0.0
4.264181 2.117303 0.182842 1.0
2.99429 0.494607 0.376562 0.0
1.513493 5.416092 0.235754 3.0
3.751519 3.693923 0.469647 2.0
4.009317 2.271307 0.397837 1.0
2.010301 2.612832 1.762114 1.0
0.512609 1.581032 0.894095 5.0
0.788495 1.059113 0.772907 0.0
3.513803 4.723982 0.233095 2.0
-1.490057 2.571684 0.081989 5.0
1.001423 3.884472 1.290758 4.0
2.275188 3.352348 1.52705 2.0
-0.007923 0.805766 0.323643 5.0
2.75721 2.050769 1.094761 1.0
4.250118 2.91555 0.423954 2.0
0.983632 1.600659 1.16962 0.0
3.520177 3.747963 0.594384 2.0
3.255297 4.714052 0.396818 2.0
1.506534 5.571542 0.104456 3.0
4.006477 3.0433 0.53139 2.0
3.509937 2.906741 0.881702 2.0
1.743592 4.010068 1.254185 3.0
2.002294 0.522198 0.384389 0.0
1.020357 4.355972 1.011367 3.0
3.993512 1.623155 0.165281 1.0
-0.995902 3.166187 0.325869 4.0
3.254661 0.26586 0.13441 1.0
-0.978124 2.68256 0.379533 5.0
4.021428 2.274371 0.377422 1.0
1.257747 1.876285 1.396641 0.0
0.995967 4.316407 1.030691 3.0
-1.484095 2.457744 0.030312 5.0
3.500752 1.558637 0.452405 1.0
-0.00947 0.754747 0.300308 5.0
4.244691 3.446813 0.232322 2.0
2.514963 3.412068 1.331862 2.0
-0.48561 2.657434 0.663613 5.0
2.515867 3.808182 1.207039 2.0
-0.990648 1.514866 0.009594 5.0
2.258054 2.648047 1.611037 1.0
0.008177 1.98675 0.736377 5.0
0.517992 3.711122 1.049299 4.0
3.260211 2.660274 0.99536 1.0
1.260306 2.197091 1.587746 5.0
0.264125 5.7247 0.073707 3.0
1.513551 1.227707 0.892946 0.0
0.737757 0.541399 0.390994 0.0
-0.721172 2.238376 0.379793 5.0
3.248482 0.647029 0.280407 1.0
0.497129 3.720112 1.049263 4.0
1.013232 5.707262 0.049253 3.0
-0.234568 3.758116 0.569488 4.0
2.007215 2.657903 1.805935 1.0
-0.489411 4.652092 0.091759 4.0
3.248099 0.540633 0.229995 1.0
3.006307 1.534428 0.748192 1.0
2.004346 2.856249 1.842046 2.0
0.001399 5.016857 0.259023 4.0
1.002276 3.31506 1.4875 4.0
0.263771 2.258878 1.002247 5.0
0.761475 2.118994 1.267185 5.0
3.50576 0.675154 0.146391 1.0
1.272648 5.12365 0.42391 3.0
0.01325 3.994734 0.630596 4.0
0.263468 2.524755 1.088604 5.0
3.016916 3.564808 0.971455 2.0
3.515313 3.587231 0.662349 2.0
-0.991226 3.905103 0.035905 4.0
0.246167 1.523618 0.72209 5.0
2.248602 5.179403 0.390206 3.0
3.000411 4.092956 0.798084 2.0
-0.738096 2.733008 0.533009 5.0
0.998374 5.587664 0.143313 3.0
4.750199 3.396567 0.011892 2.0
3.240728 0.093587 0.065967 0.0
2.767623 4.868938 0.627416 3.0
1.232093 1.914795 1.396113 0.0
1.763834 4.897707 0.612544 3.0
1.010081 2.002511 1.371391 5.0
-0.252851 1.290751 0.343248 5.0
3.506873 2.419212 0.761337 1.0
-0.470911 2.203732 0.484295 5.0
1.495969 4.686866 0.756626 3.0
-0.967003 2.518165 0.30437 5.0
0.273823 1.79214 0.810297 5.0
0.513924 4.406464 0.805253 4.0
3.520177 3.747963 0.594384 2.0
-1.483163 2.715759 0.034706 5.0
1.498946 3.533459 1.596584 3.0
-0.489194 1.095867 0.102151 5.0
2.253407 1.497313 1.124512 0.0
2.758121 2.111428 1.118536 1.0
-0.493103 3.433871 0.537851 4.0
2.498725 5.486341 0.18118 3.0
1.272829 2.050726 1.480468 0.0
4.257648 2.355633 0.277458 1.0
2.256182 2.236006 1.481458 1.0
0.771296 4.878419 0.618289 3.0
-0.498567 4.990206 0.031923 4.0
3.243864 0.819019 0.326266 1.0
-0.250438 3.250108 0.747997 4.0
-0.237878 1.129434 0.26341 5.0
2.238709 2.417023 1.53974 1.0
0.755535 2.82558 1.493432 5.0
2.505916 4.04042 1.11118 2.0
3.744133 4.212157 0.296666 2.0
-0.245242 0.676195 0.086809 5.0
2.504861 1.795399 1.184131 1.0
2.490762 2.039069 1.239168 1.0
1.510942 4.006462 1.244935 3.0
-0.714928 3.30172 0.39856 4.0
-0.758937 3.778293 0.269466 4.0
0.010714 5.528175 0.104217 4.0
2.243652 1.937147 1.363724 1.0
2.249317 0.782338 0.57003 0.0
3.01391 0.390228 0.265339 0.0
-0.244938 2.213734 0.669828 5.0
-0.477357 2.059585 0.449153 5.0
0.26143 2.051253 0.945353 5.0
0.99768 4.349526 0.997369 3.0
-0.223035 2.781665 0.867979 5.0
-1.238604 2.471351 0.153112 5.0
-0.246138 0.816642 0.139562 5.0
3.74964 1.579189 0.303669 1.0
3.503281 0.377314 0.021062 1.0
4.26116 2.106991 0.166242 1.0
-0.238037 1.232989 0.327213 5.0
2.0053 3.765184 1.426544 3.0
2.013307 4.832249 0.664322 3.0
0.764315 0.325637 0.269907 0.0
0.249419 1.760401 0.812429 5.0
-0.247634 0.662464 0.101768 5.0
0.488739 0.550475 0.432973 0.0
0.511568 3.261056 1.211259 4.0
1.759621 0.646667 0.485668 0.0
-0.013575 0.78564 0.290668 5.0
1.522721 3.942544 1.300861 3.0
0.763195 3.114835 1.426009 4.0
1.022655 0.974281 0.695294 0.0
0.259298 5.103438 0.400533 4.0
3.260962 1.741179 0.663281 1.0
1.992068 5.024907 0.498987 3.0
0.010757 5.271317 0.165751 4.0
3.247781 2.986615 1.0395 2.0
1.010551 4.413343 0.950137 3.0
-1.487593 2.589794 0.097417 5.0
3.76858 2.285912 0.563953 1.0
-1.244052 2.130976 0.07474 5.0
3.494804 2.743993 0.889442 1.0
3.749105 3.87059 0.38178 2.0
0.264212 2.256298 0.980351 5.0
4.255524 3.560385 0.206689 2.0
1.50407 4.93996 0.576643 3.0
1.751339 4.85335 0.631188 3.0
3.007232 2.222919 1.001308 1.0
0.764748 4.824842 0.66581 3.0
0.752868 5.21401 0.377495 3.0
0.769272 5.455303 0.205807 3.0
1.519961 1.810864 1.30821 0.0
-0.233145 3.952704 0.485531 4.0
-1.222337 2.28042 0.063344 5.0
-0.247164 4.740892 0.218887 4.0
3.746402 4.216479 0.277155 2.0
1.764571 3.65873 1.521067 3.0
2.772545 3.388358 1.19651 2.0
1.003823 1.885261 1.322576 5.0
1.014222 4.983015 0.529323 3.0
-1.482816 2.723282 0.074748 5.0
-0.235182 0.744969 0.111393 5.0
0.262283 0.396522 0.272645 0.0
0.498278 4.138462 0.891747 4.0
1.499416 1.518176 1.115169 0.0
2.27044 1.096654 0.828941 0.0
0.008683 0.403358 0.163251 5.0
0.278318 5.052267 0.426671 4.0
0.996755 3.487918 1.442291 4.0
1.757323 2.166025 1.58505 0.0
2.263958 4.093332 1.185547 3.0
0.771296 4.878419 0.618289 3.0
1.991273 2.190674 1.584443 0.0
2.784859 4.593991 0.736348 2.0
1.254756 1.719037 1.263196 0.0
-0.732387 4.346209 0.06961 4.0
0.25145 0.419351 0.31534 0.0
2.247091 3.942414 1.291596 3.0
-0.22977 1.287188 0.342974 5.0
3.257681 0.628326 0.279771 1.0
1.503644 0.273541 0.191102 0.0
1.520669 5.221707 0.38712 3.0
0.765897 0.738227 0.551292 0.0
1.005644 4.174999 1.129918 3.0
2.764321 5.340995 0.290697 3.0
1.504352 3.678979 1.497436 3.0
1.000686 0.229308 0.186404 0.0
3.767735 2.834649 0.739492 1.0
0.534686 2.538399 1.21944 5.0
3.508007 1.678402 0.483153 1.0
-0.725276 4.367961 0.02943 4.0
0.74098 0.442432 0.331527 0.0
3.244768 2.398263 0.8939 1.0
1.747097 3.385417 1.690174 3.0
1.997055 3.233957 1.721414 2.0
1.261671 2.501226 1.692443 5.0
3.509937 2.906741 0.881702 2.0
0.518831 0.39903 0.298169 0.0
-0.236772 0.547245 0.071286 5.0
1.027157 2.614024 1.590369 5.0
-0.993336 3.671622 0.124321 4.0
1.267814 4.92568 0.572841 3.0
-0.263937 4.161962 0.423874 4.0
1.753774 4.326387 1.031861 3.0
2.019832 2.164904 1.567873 0.0
-0.472125 1.378589 0.187141 5.0
2.737518 2.817522 1.380157 1.0
3.01099 3.356923 1.036306 2.0
0.767646 2.200126 1.299444 5.0
-0.237011 2.419227 0.720002 5.0
4.245905 3.210268 0.361018 2.0
1.760336 0.195387 0.134663 0.0
0.003444 0.655455 0.236 5.0
1.773546 2.635509 1.894792 0.0
3.758348 2.675536 0.683638 1.0
3.528379 5.340062 0.034886 2.0
1.99183 5.395605 0.23566 3.0
0.249304 1.949164 0.879231 5.0
-0.966793 4.017656 0.076699 4.0
-0.476779 3.731928 0.418245 4.0
-0.473975 4.098463 0.284013 4.0
1.504944 0.63517 0.483247 0.0
1.755436 1.846693 1.350767 0.0
4.004692 2.421539 0.444311 1.0
4.49178 2.022289 0.051666 1.0
3.492962 4.60288 0.269675 2.0
2.25486 4.846203 0.661951 3.0
3.731292 1.729681 0.341608 1.0
3.753708 4.760613 0.079488 2.0
3.01099 3.356923 1.036306 2.0
-0.238695 4.400415 0.363107 4.0
2.762746 4.988811 0.535596 3.0
3.751605 2.247272 0.547787 1.0
3.50008 4.883983 0.190849 2.0
0.551762 3.430012 1.161187 4.0
0.512471 3.596315 1.08645 4.0
-0.254824 0.228231 0.030016 5.0
0.237879 0.600338 0.378608 5.0
1.759931 3.727122 1.446908 3.0
3.219482 0.197461 0.13652 1.0
3.020594 5.462833 0.212225 3.0
0.779245 4.703704 0.770024 3.0
0.262333 1.916154 0.854285 5.0
2.984231 3.061149 1.180294 2.0
2.250163 4.062468 1.230901 3.0
2.496283 0.064161 0.046499 0.0
0.017962 3.117906 0.948164 4.0
1.00508 1.358355 0.99867 0.0
3.254661 0.26586 0.13441 1.0
0.746675 3.823097 1.174823 4.0
-0.497403 4.40207 0.180103 4.0
2.25533 3.997299 1.257357 3.0
4.228518 2.492763 0.319769 1.0
0.236303 4.161861 0.76352 4.0
4.502518 2.065143 0.092539 1.0
3.763804 1.999425 0.462413 1.0
3.757191 1.937566 0.418968 1.0
2.997679 4.007033 0.827164 2.0
4.017107 1.332578 0.068966 1.0
2.995872 1.097572 0.606076 1.0
3.515219 2.573556 0.822864 1.0
0.997911 0.058163 0.059348 0.0
1.523813 1.153014 0.854299 0.0
1.010081 2.002511 1.371391 5.0
-0.000899 3.81535 0.708996 4.0
1.76035 1.981655 1.42976 0.0
3.507183 5.244008 0.030774 2.0
4.002574 1.636734 0.173736 1.0
1.502256 0.062983 0.062044 0.0
2.771865 4.109136 0.898836 2.0
3.241559 2.066711 0.792404 1.0
2.010994 3.187006 1.734675 2.0
2.763598 5.212442 0.353604 3.0
3.983439 2.927611 0.583045 2.0
1.272648 5.12365 0.42391 3.0
-0.008668 0.117818 0.056009 5.0
2.268966 4.459304 0.909784 3.0
0.759892 2.352129 1.339696 5.0
0.238927 4.842807 0.482561 4.0
3.002499 3.016179 1.161259 2.0
2.491376 2.168669 1.300333 1.0
-0.982641 2.218077 0.204456 5.0
3.996598 1.665936 0.164703 1.0
3.755132 1.944959 0.445908 1.0
3.244052 4.618532 0.41659 2.0
-0.730711 4.646954 0.01252 4.0
-0.234568 3.758116 0.569488 4.0
2.513915 0.405367 0.310548 0.0
1.503152 0.764076 0.564517 0.0
4.757173 2.52714 0.039461 1.0
-0.001629 0.261777 0.106877 5.0
1.260306 2.197091 1.587746 5.0
1.751202 2.570044 1.857655 0.0
0.987621 4.714096 0.736789 3.0
2.267456 1.224412 0.92345 0.0
1.226536 0.265123 0.200893 0.0
0.764741 3.011857 1.447356 4.0
3.261858 4.434213 0.530205 2.0
-1.228024 3.249927 0.132321 4.0
0.773153 0.816208 0.607211 0.0
3.491235 0.435097 0.043797 1.0
1.773546 2.635509 1.894792 0.0
3.745289 2.544671 0.679374 1.0
2.995988 5.130935 0.414798 2.0
1.503644 0.273541 0.191102 0.0
2.513915 0.405367 0.310548 0.0
1.017726 4.72078 0.715124 3.0
-0.237878 4.655409 0.239049 4.0
-0.24246 5.19189 0.041253 4.0
1.242015 3.042996 1.761521 4.0
2.246484 3.470747 1.474022 2.0
3.499285 2.907008 0.912263 2.0
3.512914 0.790381 0.168736 1.0
2.756986 4.864046 0.619156 3.0
-0.226525 1.630404 0.442938 5.0
0.998049 1.837284 1.296221 5.0
0.507846 3.553462 1.109431 4.0
1.511571 0.719568 0.532272 0.0
2.258054 2.648047 1.611037 1.0
2.270195 4.52461 0.871982 3.0
1.007118 1.18622 0.861331 0.0
0.245409 0.257932 0.209197 0.0
3.503043 2.467608 0.783364 1.0
4.251332 1.684718 0.021879 1.0
3.51092 4.207323 0.422393 2.0
0.008979 0.762588 0.277783 5.0
3.993303 1.500977 0.113778 1.0
2.997679 4.007033 0.827164 2.0
0.760962 4.555301 0.860601 3.0
-0.002467 4.970983 0.311155 4.0
2.509204 4.858944 0.623261 3.0
3.266779 1.092282 0.426324 1.0
0.764929 2.237473 1.293056 5.0
3.495766 2.682799 0.855723 1.0
1.761203 4.500025 0.909278 3.0
1.740008 1.571804 1.12272 0.0
2.280145 5.345728 0.260722 3.0
1.752105 0.620442 0.45286 0.0
1.509584 3.705096 1.450001 3.0
1.01128 4.22695 1.074563 3.0
0.501725 3.739711 1.072742 4.0
1.26467 1.68406 1.239862 0.0
0.008979 0.762588 0.277783 5.0
-0.242062 2.697599 0.830813 5.0
0.503756 1.903638 1.018225 5.0
-0.489931 2.26497 0.519756 5.0
0.99286 2.998546 1.602184 4.0
1.245123 1.942523 1.429081 0.0
1.760871 4.871749 0.631109 3.0
2.250061 5.471303 0.20567 3.0
2.488753 5.618564 0.093341 3.0
1.017611 5.50375 0.163345 3.0
0.521338 4.744208 0.685734 4.0
2.747021 1.645312 0.967177 1.0
0.247613 1.60876 0.74833 5.0
3.743895 4.565866 0.145914 2.0
-1.482816 2.723282 0.074748 5.0
0.014096 1.002674 0.384317 5.0
2.733102 4.536895 0.797824 2.0
1.744011 2.13748 1.534645 0.0
4.010979 1.070827 0.017781 1.0
1.232093 1.914795 1.396113 0.0
1.526595 3.875489 1.325922 3.0
3.494754 0.952594 0.224885 1.0
1.260313 3.404105 1.641778 4.0
-0.977019 2.722985 0.360671 5.0
1.254271 2.657723 1.757127 5.0
0.015201 4.045774 0.63504 4.0
3.494689 2.392929 0.75354 1.0
1.003201 1.150022 0.826224 0.0
2.246484 3.470747 1.474022 2.0
0.006204 2.37586 0.878371 5.0
0.502535 5.058034 0.518953 3.0
0.998099 5.04546 0.497455 3.0
0.783031 4.10923 1.05383 4.0
1.750942 1.393013 1.024187 0.0
1.724572 0.082827 0.054123 0.0
2.979974 0.717776 0.454674 1.0