6.955581 4.898295 1.228606 3.0
8.172205 2.41548 0.426598 3.0
5.210787 1.034156 0.620662 2.0
8.005962 1.90725 0.63033 3.0
8.19382 2.180623 0.405877 3.0
4.019065 0.487298 0.318943 1.0
6.212932 3.58712 1.270276 2.0
0.76188 2.699923 0.597452 0.0
3.47077 3.45153 0.664383 1.0
0.537497 3.517839 0.434776 0.0
4.205346 1.552194 0.158275 1.0
0.546394 4.108463 0.394333 0.0
7.703305 5.451263 0.725346 3.0
3.295542 4.575338 0.911556 1.0
2.963215 1.081866 1.091604 1.0
6.697303 6.344035 1.362294 3.0
4.020669 6.424202 0.318531 1.0
1.544998 3.115845 1.059839 0.0
5.980704 5.318311 1.087081 2.0
2.886939 4.125502 1.22645 1.0
3.503964 5.163375 0.69699 1.0
6.228885 1.769889 1.319379 2.0
4.757498 6.023269 0.28162 2.0
2.047925 3.68069 1.393928 0.0
4.75209 1.7586 0.32244 2.0
2.507884 2.649496 1.407172 1.0
2.039492 4.234981 1.445012 0.0
0.837139 3.544004 0.594647 0.0
0.794162 1.333781 0.556544 0.0
6.006159 5.201934 1.113921 2.0
1.059365 4.347396 0.818013 0.0
0.83259 4.425863 0.602939 0.0
1.807151 5.971028 1.315523 0.0
7.178553 1.428805 1.094497 3.0
7.689438 1.120249 0.717887 3.0
4.493066 4.466665 0.079563 2.0
8.202568 2.687932 0.430569 3.0
8.383922 5.384094 0.238022 3.0
1.793836 2.964135 1.331931 0.0
1.733522 5.78686 1.299359 0.0
1.515704 0.829224 1.099002 0.0
6.467722 3.182847 1.360138 2.0
8.553671 3.362264 0.249513 3.0
4.25515 4.231755 0.201365 1.0
0.987648 5.170493 0.781917 0.0
8.733736 0.035333 0.086557 3.0
0.272837 5.973254 0.197631 0.0
5.238853 4.430552 0.610959 2.0
8.375078 5.641628 0.215442 3.0
2.207891 1.725186 1.469853 1.0
1.266437 5.925045 0.909917 0.0
3.779641 2.115093 0.480005 1.0
0.516942 3.955754 0.43979 0.0
6.237177 0.880229 1.248468 2.0
0.851882 6.095477 0.586039 0.0
1.785045 3.975309 1.270609 0.0
1.0501 0.514392 0.710182 0.0
4.007381 3.31835 0.284241 1.0
1.543403 5.579578 1.131968 0.0
6.42791 1.042597 1.437834 2.0
7.495234 0.891072 0.923135 3.0
5.985394 3.349388 1.106891 2.0
7.25546 6.236739 1.088186 3.0
3.314844 0.15632 0.837928 1.0
7.380873 0.100845 0.876609 3.0
1.980344 2.514204 1.436659 0.0
8.194407 3.510284 0.378591 3.0
0.059148 5.167241 0.061988 0.0
3.452897 0.22114 0.677575 1.0
7.703209 5.395428 0.715511 3.0
4.65682 1.268304 0.292367 2.0
0.254325 5.237337 0.310669 0.0
4.743807 5.550565 0.348412 2.0
3.24359 3.563989 0.885479 1.0
3.753477 0.070815 0.457408 1.0
7.979763 3.599374 0.537786 3.0
1.652364 6.196156 1.248109 0.0
2.720583 2.273324 1.197673 1.0
3.568871 1.313208 0.661912 1.0
8.172222 3.086534 0.431051 3.0
2.55249 1.010832 1.390738 1.0
3.289293 0.13652 0.859929 1.0
2.534662 2.014073 1.378861 1.0
3.987098 4.076873 0.280376 1.0
4.504865 4.929114 0.14617 2.0
7.048774 5.444443 1.212232 3.0
2.774524 1.993571 1.204203 1.0
1.793836 2.964135 1.331931 0.0
7.133981 3.412436 1.046454 3.0
4.712208 0.103308 0.243281 2.0
2.207891 1.725186 1.469853 1.0
0.7858 4.912188 0.539872 0.0
3.77745 5.203345 0.528241 1.0
5.668204 5.004618 0.940157 2.0
3.765249 2.278925 0.560962 1.0
6.432819 5.976979 1.389931 2.0
1.040432 2.571257 0.752527 0.0
4.046045 2.801197 0.381106 1.0
7.990781 1.262492 0.554607 3.0
5.497482 3.217426 0.763221 2.0
4.482592 2.997873 0.129577 2.0
6.727298 4.14802 1.369061 3.0
2.789644 4.825315 1.24668 1.0
1.834218 0.543072 1.284309 0.0
6.488899 1.968678 1.443706 2.0
0.344205 0.288904 0.204845 0.0
1.564887 2.631615 1.124772 0.0
8.70034 4.809485 0.098233 3.0
8.483443 5.074635 0.218878 3.0
1.290918 1.713213 0.873909 0.0
3.509968 1.05635 0.697192 1.0
4.196747 5.099555 0.188708 1.0
8.6909 5.553808 0.085418 3.0
5.4997 3.917572 0.777053 2.0
0.537497 3.517839 0.434776 0.0
0.53968 6.003976 0.359588 0.0
6.188635 4.232851 1.328819 2.0
4.203557 0.7102 0.199007 1.0
3.77745 5.203345 0.528241 1.0
3.47077 3.45153 0.664383 1.0
4.012719 2.65664 0.364487 1.0
0.992697 4.118227 0.729264 0.0
1.268488 4.507731 0.846553 0.0
1.785728 4.528583 1.222978 0.0
2.229121 3.649336 1.600421 1.0
6.760273 2.838379 1.42096 3.0
7.937058 4.508038 0.574425 3.0
7.709353 5.980967 0.705922 3.0
5.519615 5.08717 0.709656 2.0
0.519107 1.20068 0.366644 0.0
0.556299 0.92459 0.378731 0.0
1.008202 2.41527 0.779963 0.0
0.820564 0.534692 0.594428 0.0
7.976572 0.584812 0.533658 3.0
2.313864 5.687794 1.50736 1.0
1.067096 3.181979 0.738704 0.0
7.966246 6.172533 0.647992 3.0
2.260764 2.623007 1.518816 1.0
2.787453 0.332687 1.165399 1.0
1.816845 0.359903 1.284949 0.0
6.497112 3.211133 1.37986 2.0
0.522105 6.301514 0.460126 0.0
5.963928 3.749646 1.045166 2.0
6.461376 1.086143 1.481274 2.0
4.510194 3.53892 0.094131 2.0
3.991218 1.21303 0.246752 1.0
0.841302 5.466944 0.523323 0.0
6.698732 3.591415 1.373373 3.0
6.228885 1.769889 1.319379 2.0
2.594888 5.767199 1.339417 1.0
3.088243 1.214003 1.033841 1.0
5.433925 3.601741 0.758312 2.0
3.274067 0.194581 0.865793 1.0
0.541161 2.399036 0.422961 0.0
3.655972 4.045642 0.549497 1.0
1.522541 1.877922 1.101982 0.0
8.652587 3.354323 0.031599 3.0
0.892877 0.755578 0.56012 0.0
2.042902 2.948673 1.43793 0.0
4.731106 0.216889 0.252686 2.0
6.951549 6.277506 1.186515 3.0
6.967388 0.065538 1.223548 3.0
7.030647 3.443036 1.238896 3.0
8.174966 3.966605 0.413547 3.0
3.770254 4.055748 0.526777 1.0
2.524091 2.739971 1.429805 1.0
2.728217 1.665074 1.196297 1.0
0.502892 1.258627 0.361008 0.0
5.308082 4.71091 0.542677 2.0
3.00641 3.939161 1.015583 1.0
2.201791 2.057593 1.458029 1.0
4.291754 4.954647 0.157293 1.0
4.314745 3.945472 0.147949 1.0
6.727298 4.14802 1.369061 3.0
1.472956 3.364385 1.065475 0.0
3.959409 2.294195 0.310607 1.0
4.414678 0.333222 0.155058 2.0
6.183437 2.298288 1.282293 2.0
0.794162 1.333781 0.556544 0.0
2.003932 0.840426 1.409714 0.0
7.259518 0.924923 1.036576 3.0
0.017049 3.235412 0.129832 0.0
7.979763 3.599374 0.537786 3.0
6.677248 5.643556 1.38845 3.0
4.970451 0.779025 0.390012 2.0
1.740122 5.257076 1.260818 0.0
6.924368 6.169693 1.209673 3.0
7.951503 2.339292 0.577905 3.0
3.523756 5.004469 0.712023 1.0
2.941144 5.038557 0.991487 1.0
7.688983 5.945424 0.760074 3.0
0.993187 2.678185 0.737469 0.0
4.542766 0.452254 0.066599 2.0
5.963586 1.145335 1.065352 2.0
4.20418 3.518926 0.116622 1.0
6.141968 4.655514 1.285431 2.0
7.159953 2.372223 1.092218 3.0
3.269474 4.019083 0.825227 1.0
3.936058 0.242843 0.378389 1.0
6.249615 2.37984 1.294135 2.0
4.983467 6.221768 0.439168 2.0
5.986972 3.598471 1.101413 2.0
7.214263 3.58556 0.97656 3.0
7.256029 3.988501 1.029949 3.0
3.991779 2.333481 0.323703 1.0
7.202009 6.237046 1.074564 3.0
2.485094 2.77668 1.443259 1.0
0.27829 1.883014 0.221674 0.0
4.504865 4.929114 0.14617 2.0
4.742956 0.962079 0.286546 2.0
7.707618 4.620216 0.696079 3.0
8.20958 3.074569 0.389328 3.0
0.719806 5.497342 0.530634 0.0
7.937058 4.508038 0.574425 3.0
4.504865 4.929114 0.14617 2.0
0.761862 2.403954 0.555387 0.0
0.23761 1.460877 0.136598 0.0
6.218393 3.35945 1.278498 2.0
1.055877 4.416011 0.783022 0.0
3.275698 2.359522 0.797011 1.0
0.993187 2.678185 0.737469 0.0
0.837139 3.544004 0.594647 0.0
5.985052 5.201478 1.098599 2.0
0.321134 6.03987 0.239293 0.0
8.483443 5.074635 0.218878 3.0
1.503749 3.671881 1.081358 0.0
7.695083 5.486394 0.748197 3.0
1.815267 0.845659 1.285615 0.0
0.287931 6.039248 0.275371 0.0
8.15101 2.117688 0.425862 3.0
8.717205 2.834952 0.117586 3.0
3.070783 4.692135 0.970108 1.0
5.69074 3.041524 1.005108 2.0
3.230197 6.222679 0.917131 1.0
2.572335 3.319507 1.344115 1.0
6.730786 2.195506 1.464322 3.0
7.903724 5.718797 0.520212 3.0
5.744602 4.00434 0.9214 2.0
5.235882 5.453349 0.597399 2.0
4.194783 2.412132 0.137598 1.0
6.924368 6.169693 1.209673 3.0
6.996015 0.615946 1.266332 3.0
4.24287 1.544919 0.182327 1.0
0.841302 5.466944 0.523323 0.0
4.989866 0.638719 0.449248 2.0
1.541141 2.076149 1.113798 0.0
8.625213 2.988643 0.080395 3.0
8.144357 0.258988 0.377679 3.0
0.521351 1.662856 0.454446 0.0
8.138432 5.209814 0.465841 3.0
8.67585 6.250527 0.034378 3.0
6.972542 4.259638 1.225477 3.0
6.69349 2.326977 1.37368 3.0
3.016999 1.6022 1.033867 1.0
7.478291 4.00242 0.925467 3.0
5.971361 4.223612 1.062346 2.0
0.511972 4.603194 0.402275 0.0
0.948677 3.958988 0.717554 0.0
7.703305 5.451263 0.725346 3.0
0.533544 3.28321 0.41743 0.0
4.046045 2.801197 0.381106 1.0
2.971507 6.012347 0.996772 1.0
2.288138 3.697168 1.478014 1.0
6.188635 4.232851 1.328819 2.0
1.752464 5.667608 1.29822 0.0
6.472271 1.296037 1.491425 2.0
0.265071 4.453404 0.266851 0.0
5.433925 3.601741 0.758312 2.0
4.233044 1.805301 0.117902 1.0
0.556299 0.92459 0.378731 0.0
2.234345 1.834069 1.505598 1.0
2.819201 2.551719 1.179906 1.0
5.242754 3.906624 0.570007 2.0
3.29073 2.00423 0.899074 1.0
2.042902 2.948673 1.43793 0.0
5.022473 2.176599 0.510789 2.0
0.521351 1.662856 0.454446 0.0
7.979675 3.051411 0.568684 3.0
6.68859 3.131088 1.416052 3.0
0.809511 5.964261 0.563556 0.0
1.098783 4.808424 0.712277 0.0
1.074985 1.617934 0.785835 0.0
0.807188 1.150402 0.562951 0.0
6.197917 5.970861 1.242928 2.0
3.481612 0.6326 0.649745 1.0
4.733008 4.624116 0.347158 2.0
6.967388 0.065538 1.223548 3.0
3.274067 0.194581 0.865793 1.0
3.276119 1.955635 0.892816 1.0
1.325611 4.300528 0.974324 0.0
6.741252 1.664232 1.427429 3.0
8.421542 2.59644 0.301 3.0
7.223422 2.122824 1.088431 3.0
0.235962 4.760163 0.262687 0.0
7.849799 3.00599 0.608487 3.0
7.476354 0.4799 0.850295 3.0
6.986908 6.292819 1.24583 3.0
6.481747 4.886777 1.444241 2.0
2.201791 2.057593 1.458029 1.0
1.740122 5.257076 1.260818 0.0
1.302664 6.337925 1.011805 0.0
3.010705 3.81557 1.065422 1.0
2.737096 1.752429 1.227484 1.0
4.225348 4.197904 0.165559 1.0
3.013834 3.63412 0.962334 1.0
5.479022 0.944707 0.791796 2.0
1.751605 4.625589 1.298632 0.0
8.478894 4.732087 0.258024 3.0
6.986908 6.292819 1.24583 3.0
6.211416 5.57261 1.268541 2.0
2.280582 5.794459 1.541168 1.0
2.032866 4.119358 1.507614 0.0
0.529617 2.975258 0.36383 0.0
0.851882 6.095477 0.586039 0.0
4.256491 4.122987 0.100117 1.0
5.966917 2.083994 1.103437 2.0
0.262906 3.84439 0.208614 0.0
0.388215 0.58788 0.190829 0.0
4.499895 6.129206 0.100608 2.0
0.304033 5.561802 0.222507 0.0
2.55249 1.010832 1.390738 1.0
5.488138 0.507537 0.752957 2.0
5.721699 1.457117 0.935459 2.0
0.533544 3.28321 0.41743 0.0
6.231304 4.968812 1.27735 2.0
6.702641 1.126429 1.41003 3.0
8.479814 4.786213 0.222849 3.0
5.519685 1.55187 0.813604 2.0
4.014569 1.227458 0.370194 1.0
4.989866 0.638719 0.449248 2.0
4.507845 3.143526 0.1603 2.0
5.235882 5.453349 0.597399 2.0
7.530629 4.864128 0.84629 3.0
2.010304 1.208375 1.421618 0.0
3.936058 0.242843 0.378389 1.0
4.771189 1.352565 0.269498 2.0
4.194783 2.412132 0.137598 1.0
8.652307 5.968109 0.061936 3.0
1.558646 1.416727 1.075879 0.0
5.762738 0.396542 0.961685 2.0
2.510908 3.261288 1.343431 1.0
1.515704 0.829224 1.099002 0.0
1.341459 3.538534 0.986666 0.0
0.302622 5.311255 0.213321 0.0
8.715233 1.480363 0.087504 3.0
7.495234 0.891072 0.923135 3.0
7.703209 5.395428 0.715511 3.0
5.236899 0.344003 0.656837 2.0
2.594888 5.767199 1.339417 1.0
0.072945 1.959719 0.120058 0.0
3.472505 1.967494 0.684412 1.0
8.428835 1.02774 0.238644 3.0
6.702641 1.126429 1.41003 3.0
7.17147 1.975278 1.020071 3.0
0.024578 3.362772 0.07596 0.0
4.270367 3.070809 0.139342 1.0
8.553671 3.362264 0.249513 3.0
2.026879 0.992486 1.442497 0.0
5.971361 4.223612 1.062346 2.0
1.033473 1.414605 0.786651 0.0
3.498012 0.138877 0.702583 1.0
1.513312 5.157248 1.176145 0.0
4.985028 3.943991 0.40344 2.0
2.073511 5.614499 1.44148 0.0
3.273822 0.591272 0.883288 1.0
5.648982 0.862584 0.905385 2.0
4.660685 5.128069 0.27097 2.0
5.967556 3.572429 1.132661 2.0
0.081263 0.96953 0.113888 0.0
0.106358 3.392679 0.036148 0.0
0.556623 2.084932 0.39904 0.0
2.844138 3.267502 1.221778 1.0
0.756068 0.481539 0.565748 0.0
6.648813 3.662546 1.394761 3.0
6.958272 5.162744 1.18499 3.0
3.764442 4.438178 0.515733 1.0
3.755633 5.3482 0.498991 1.0
5.479022 0.944707 0.791796 2.0
3.732878 0.275274 0.562592 1.0
8.21022 1.138998 0.404799 3.0
4.542766 0.452254 0.066599 2.0
1.222873 3.55432 0.97663 0.0
4.991497 3.475161 0.467199 2.0
8.448803 2.602882 0.266377 3.0
0.009694 0.538075 0.060305 0.0
4.710928 5.67909 0.296057 2.0
3.269799 5.71509 0.88867 1.0
7.877384 2.270835 0.593893 3.0
3.991218 1.21303 0.246752 1.0
5.668204 5.004618 0.940157 2.0
4.019039 4.768805 0.250109 1.0
5.756979 1.872443 0.911793 2.0
6.913464 3.530952 1.180283 3.0
7.689438 1.120249 0.717887 3.0
2.991983 1.79338 1.044648 1.0
3.569756 2.529517 0.669958 1.0
4.970696 2.428996 0.473449 2.0
1.04783 3.768071 0.727546 0.0
4.667329 2.595256 0.261557 2.0
0.504338 2.210109 0.435898 0.0
3.776468 5.393026 0.56956 1.0
4.507512 2.874904 0.043581 2.0
7.958323 0.987613 0.606936 3.0
3.508127 1.465418 0.687112 1.0
2.276559 1.352249 1.540168 1.0
4.971713 0.693037 0.481031 2.0
5.183159 0.407832 0.588976 2.0
5.22361 2.949041 0.638535 2.0
4.314745 3.945472 0.147949 1.0
3.49178 2.097238 0.678329 1.0
3.021171 1.484728 1.057945 1.0
2.519682 5.022236 1.370358 1.0
2.731408 3.759551 1.179985 1.0
7.703305 5.451263 0.725346 3.0
5.485404 1.628242 0.771311 2.0
0.06602 2.834198 0.038953 0.0
3.774847 0.492698 0.536331 1.0
2.779389 4.502971 1.221225 1.0
2.286911 5.255569 1.497236 1.0
3.043111 3.365437 1.020947 1.0
0.327489 4.745963 0.200322 0.0
1.834218 0.543072 1.284309 0.0
1.740122 5.257076 1.260818 0.0
6.735511 5.649998 1.358814 3.0
6.278164 2.817395 1.274203 2.0
7.716742 1.989171 0.803717 3.0
0.768384 3.627817 0.57489 0.0
5.738134 3.821408 0.894218 2.0
7.912761 4.673562 0.557605 3.0
7.45608 1.130627 0.876916 3.0
4.217897 5.818161 0.137081 1.0
7.192507 0.987262 1.036094 3.0
1.793836 2.964135 1.331931 0.0
1.204133 0.150132 0.929735 0.0
1.712109 3.589916 1.328355 0.0
3.273822 0.591272 0.883288 1.0
2.429873 3.851411 1.382787 1.0
5.754621 6.336505 0.926212 2.0
0.06602 2.834198 0.038953 0.0
4.009441 2.719662 0.321739 1.0
0.358922 1.448238 0.268262 0.0
4.985028 3.943991 0.40344 2.0
3.49178 2.097238 0.678329 1.0
5.308082 4.71091 0.542677 2.0
1.564887 2.631615 1.124772 0.0
3.706197 2.031954 0.529906 1.0
2.269231 0.270471 1.489049 1.0
7.475959 5.664479 0.814954 3.0
6.249615 2.37984 1.294135 2.0
2.681577 3.25772 1.200557 1.0
6.723932 1.53746 1.366615 3.0
3.522643 5.147791 0.668082 1.0
4.018338 3.197152 0.290929 1.0
8.004104 5.633818 0.558192 3.0
0.293541 0.284136 0.249417 0.0
7.968236 4.646293 0.584619 3.0
0.009694 0.538075 0.060305 0.0
8.70034 4.809485 0.098233 3.0
1.541141 2.076149 1.113798 0.0
3.009171 4.814788 1.012392 1.0
8.722534 4.844248 0.163859 3.0
2.515168 4.413364 1.409785 1.0
8.223114 3.113443 0.398383 3.0
1.063871 1.573853 0.759952 0.0
2.463856 0.597145 1.335104 1.0
6.031122 0.677742 1.114788 2.0
7.224921 3.041419 1.042939 3.0
7.52004 6.341388 0.912441 3.0
7.916416 3.807576 0.569815 3.0
3.984328 0.871183 0.261145 1.0
4.445997 1.902473 0.134118 2.0
5.016495 0.360263 0.440912 2.0
1.533007 4.410787 1.22041 0.0
1.753533 2.119879 1.30234 0.0
6.213485 4.694484 1.221418 2.0
8.713865 3.325055 0.113204 3.0
5.985394 3.349388 1.106891 2.0
6.503791 3.833635 1.371761 2.0
0.76188 2.699923 0.597452 0.0
5.528678 3.125014 0.803322 2.0
5.731454 2.261544 0.963832 2.0
4.020669 6.424202 0.318531 1.0
0.564678 0.053267 0.468163 0.0
6.155791 2.185715 1.347814 2.0
4.20418 3.518926 0.116622 1.0
1.752464 5.667608 1.29822 0.0
5.308082 4.71091 0.542677 2.0
3.507917 6.230892 0.69188 1.0
4.492961 1.732453 0.150825 2.0
6.727683 5.614613 1.307555 3.0
2.511136 4.701856 1.418041 1.0
4.667329 2.595256 0.261557 2.0
3.507917 6.230892 0.69188 1.0
3.480499 3.265407 0.647957 1.0
0.541319 3.57562 0.45903 0.0
0.356108 2.726078 0.268709 0.0
3.77745 5.203345 0.528241 1.0
3.936058 0.242843 0.378389 1.0
6.95374 0.435504 1.226853 3.0
5.463043 1.645343 0.835351 2.0
2.739963 2.651749 1.1737 1.0
5.185131 5.89626 0.599818 2.0
6.939295 4.886865 1.245014 3.0
5.938429 2.295089 1.062556 2.0
6.765865 4.082132 1.36857 3.0
2.697302 3.377875 1.180958 1.0
8.644996 4.006321 0.046246 3.0
4.671072 1.586142 0.279201 2.0
6.197917 5.970861 1.242928 2.0
0.317321 0.772354 0.235769 0.0
6.450621 3.77674 1.406796 2.0
1.998445 5.547541 1.418769 0.0
0.070096 3.669356 0.002402 0.0
5.754078 5.312482 0.961825 2.0
4.03976 6.218069 0.346825 1.0
4.013429 3.326773 0.315428 1.0
2.963215 1.081866 1.091604 1.0
7.259518 0.924923 1.036576 3.0
2.051457 1.023445 1.445082 0.0
1.281434 2.077008 0.932496 0.0
3.486854 5.478321 0.747224 1.0
5.210787 1.034156 0.620662 2.0
2.073511 5.614499 1.44148 0.0
2.75127 0.621723 1.172955 1.0
7.28648 4.384964 1.009692 3.0
3.763557 0.516346 0.559936 1.0
0.508747 1.674374 0.428781 0.0
5.183159 0.407832 0.588976 2.0
4.961221 3.918878 0.398453 2.0
8.652307 5.968109 0.061936 3.0
1.204133 0.150132 0.929735 0.0
4.989866 0.638719 0.449248 2.0
1.733522 5.78686 1.299359 0.0
5.241395 2.475233 0.66519 2.0
0.802928 3.391812 0.550908 0.0
3.755633 5.3482 0.498991 1.0
4.206485 2.942362 0.100144 1.0
5.238853 4.430552 0.610959 2.0
0.828908 4.588889 0.607488 0.0
7.654211 1.029204 0.740054 3.0
4.718414 1.82313 0.345835 2.0
6.001504 0.736618 1.08205 2.0
7.210231 1.029151 1.056552 3.0
5.421759 2.592057 0.741036 2.0
8.722534 4.844248 0.163859 3.0
4.205346 1.552194 0.158275 1.0
8.681802 3.956867 0.082709 3.0
1.716298 2.777434 1.2623 0.0
1.00282 1.901527 0.737057 0.0
6.693052 5.037155 1.430883 3.0
0.519107 1.20068 0.366644 0.0
8.19382 2.180623 0.405877 3.0
5.728869 2.553165 0.989217 2.0
3.728767 5.301438 0.557719 1.0
8.663167 3.951739 0.064416 3.0
7.435727 1.359507 0.925519 3.0
6.913963 4.401303 1.270784 3.0
2.497839 5.583514 1.432355 1.0
5.701223 0.836367 0.92118 2.0
8.691198 5.563722 0.014708 3.0
7.159953 2.372223 1.092218 3.0
3.511099 4.537989 0.661132 1.0
5.700355 1.237432 0.931962 2.0
6.003284 2.598254 1.071838 2.0
1.281434 2.077008 0.932496 0.0
2.519682 5.022236 1.370358 1.0
1.810534 2.143037 1.327925 0.0
6.972454 3.213937 1.207236 3.0
6.70144 3.661362 1.458625 3.0
7.245432 3.303203 1.081717 3.0
4.281428 1.787271 0.119716 1.0
2.487277 4.722007 1.369569 1.0
5.697647 2.440251 0.96172 2.0
6.648235 4.768709 1.403482 3.0
8.729108 1.201372 0.095139 3.0
5.259092 0.353864 0.563828 2.0
2.214229 0.181301 1.503775 1.0
2.429873 3.851411 1.382787 1.0
3.415417 6.329546 0.730728 1.0
1.310465 0.0 0.94788 0.0
4.194538 1.681535 0.083148 1.0
0.592701 3.808321 0.413836 0.0
3.774847 0.492698 0.536331 1.0
6.441935 3.181304 1.38596 2.0
8.188438 5.730955 0.362191 3.0
4.264213 1.922651 0.158871 1.0
0.104605 5.994869 0.08739 0.0
2.010304 1.208375 1.421618 0.0
6.155791 2.185715 1.347814 2.0
2.941144 5.038557 0.991487 1.0
3.755116 0.927439 0.492917 1.0
6.405173 1.059935 1.351539 2.0
4.011185 4.293016 0.332818 1.0
2.545408 3.572614 1.413282 1.0
7.17147 1.975278 1.020071 3.0
0.820564 0.534692 0.594428 0.0
4.194538 1.681535 0.083148 1.0
7.757816 2.469211 0.649973 3.0
3.480499 3.265407 0.647957 1.0
1.787324 1.237564 1.315075 0.0
7.437778 0.40146 0.923372 3.0
4.991497 3.475161 0.467199 2.0
7.710221 2.836688 0.710901 3.0
6.249615 2.46652 1.207332 2.0
0.820564 0.534692 0.594428 0.0
5.46924 3.12291 0.775431 2.0
3.755633 5.3482 0.498991 1.0
3.554802 2.373845 0.696421 1.0
7.471165 4.017382 0.840189 3.0
4.764896 6.056805 0.301509 2.0
0.841732 3.2705 0.627008 0.0
8.152211 4.903703 0.44377 3.0
5.94112 1.386039 1.141742 2.0
6.49606 2.645219 1.489163 2.0
3.009171 4.814788 1.012392 1.0
2.958639 0.530695 1.011384 1.0
7.256029 3.988501 1.029949 3.0
6.693052 5.037155 1.430883 3.0
6.678414 5.240571 1.396207 3.0
6.735511 5.649998 1.358814 3.0
3.213333 5.014269 0.88015 1.0
6.997462 1.167205 1.224881 3.0
3.258483 0.12331 0.878677 1.0
8.420482 5.746268 0.213926 3.0
2.284544 2.663249 1.516616 1.0
4.000921 6.353431 0.316734 1.0
7.28222 4.588109 1.112071 3.0
2.94444 3.547326 1.037102 1.0
6.732171 0.925984 1.321211 3.0
0.76188 2.699923 0.597452 0.0
8.224761 1.771169 0.406868 3.0
1.04783 3.768071 0.727546 0.0
4.992285 0.743271 0.462685 2.0
0.948677 3.958988 0.717554 0.0
8.004104 5.633818 0.558192 3.0
1.972473 4.768455 1.507281 0.0
2.229121 3.649336 1.600421 1.0
2.774524 1.993571 1.204203 1.0
1.544998 3.115845 1.059839 0.0
0.790008 6.331062 0.56907 0.0
1.652364 6.196156 1.248109 0.0
1.074985 1.617934 0.785835 0.0
3.019497 4.73988 1.121205 1.0
1.80985 3.659679 1.202178 0.0
0.565853 3.946664 0.400022 0.0
3.015964 5.972632 1.040765 1.0
2.032866 4.119358 1.507614 0.0
5.238853 4.430552 0.610959 2.0
6.474708 2.858075 1.466207 2.0
6.760273 2.838379 1.42096 3.0
1.008185 6.174979 0.776281 0.0
1.482992 4.163263 1.130478 0.0
5.745339 2.151119 0.932979 2.0
0.3316 5.044246 0.231676 0.0
7.196697 5.564712 1.057656 3.0
4.970696 2.428996 0.473449 2.0
3.522643 5.147791 0.668082 1.0
0.504338 2.210109 0.435898 0.0
6.503791 3.833635 1.371761 2.0
6.404892 2.288138 1.385925 2.0
4.660685 5.128069 0.27097 2.0
0.566186 4.78986 0.421891 0.0
1.055877 4.416011 0.783022 0.0
8.713865 3.325055 0.113204 3.0
2.55249 1.010832 1.390738 1.0
5.238213 1.762193 0.633188 2.0
1.810534 2.143037 1.327925 0.0
2.766039 5.709041 1.199987 1.0
1.751605 4.625589 1.298632 0.0
1.541141 2.076149 1.113798 0.0
8.440546 1.078894 0.147152 3.0
8.425741 4.577161 0.246883 3.0
2.03333 4.538804 1.433626 0.0
5.98741 4.065443 1.161201 2.0
1.040432 2.571257 0.752527 0.0
7.022951 2.175767 1.227931 3.0
2.317992 2.95771 1.505747 1.0
6.280583 3.894537 1.258338 2.0
6.674653 3.999107 1.37056 3.0
7.6687 1.521577 0.723567 3.0
6.986908 6.292819 1.24583 3.0
5.726967 5.574389 0.915062 2.0
1.740122 5.257076 1.260818 0.0
5.625736 1.505265 0.90663 2.0
1.972473 4.768455 1.507281 0.0
1.029747 0.528179 0.678636 0.0
2.947437 3.010144 1.076554 1.0
1.652364 6.196156 1.248109 0.0
4.979698 5.810929 0.478121 2.0
4.933269 3.11822 0.474808 2.0
4.507512 2.874904 0.043581 2.0
0.356108 2.726078 0.268709 0.0
6.441935 3.181304 1.38596 2.0
5.99657 3.043382 1.074363 2.0
0.778516 3.404916 0.678522 0.0
6.461376 1.086143 1.481274 2.0
4.018338 3.197152 0.290929 1.0
1.246233 1.24554 0.945452 0.0
7.489686 1.487191 0.854345 3.0
8.174896 4.050971 0.355494 3.0
0.987201 6.169491 0.787518 0.0
4.509081 3.631087 0.028391 2.0
0.56275 4.249295 0.40692 0.0
2.982157 1.895785 1.020754 1.0
4.495363 5.240852 0.161816 2.0
2.097773 2.412184 1.429217 0.0
7.495234 0.891072 0.923135 3.0
0.508747 1.674374 0.428781 0.0
0.987648 5.170493 0.781917 0.0
2.486908 2.029728 1.454321 1.0
7.545091 0.66022 0.923328 3.0
8.375078 5.641628 0.215442 3.0
2.536923 1.449903 1.384514 1.0
3.043111 3.365437 1.020947 1.0
7.468211 0.146494 0.910837 3.0
8.017234 3.310908 0.545263 3.0
0.024578 3.362772 0.07596 0.0
2.313864 5.687794 1.50736 1.0
6.70144 3.661362 1.458625 3.0
6.204106 4.881273 1.234338 2.0
1.80985 3.659679 1.202178 0.0
8.717205 2.834952 0.117586 3.0
3.728767 5.301438 0.557719 1.0
4.507512 2.874904 0.043581 2.0
3.298347 0.262924 0.868317 1.0
1.33932 5.440552 0.958205 0.0
5.474394 4.305086 0.723865 2.0
8.405011 0.750161 0.223191 3.0
7.703209 5.395428 0.715511 3.0
6.702641 1.126429 1.41003 3.0
0.235962 4.760163 0.262687 0.0
6.678414 5.240571 1.396207 3.0
8.447234 3.993103 0.180591 3.0
7.916416 3.807576 0.569815 3.0
0.038076 4.190541 0.112836 0.0
7.499915 3.447682 0.942428 3.0
0.520484 1.382288 0.437783 0.0
6.24014 2.12484 1.213214 2.0
0.313535 3.363368 0.18316 0.0
4.270367 3.070809 0.139342 1.0
2.796324 3.568915 1.248266 1.0
5.955978 1.695717 1.001146 2.0
7.133981 3.412436 1.046454 3.0
8.399568 2.300891 0.191741 3.0
5.955978 1.695717 1.001146 2.0
0.037507 4.854065 0.07859 0.0
7.223422 2.122824 1.088431 3.0
2.276559 1.352249 1.540168 1.0
3.082169 1.540563 0.994108 1.0
0.335772 2.300094 0.221096 0.0
5.762738 0.396542 0.961685 2.0
7.185995 0.322896 1.136649 3.0
2.739963 2.651749 1.1737 1.0
0.287931 6.039248 0.275371 0.0
7.976476 6.118153 0.609592 3.0
8.415757 0.671755 0.261372 3.0
2.07082 0.624607 1.497657 0.0
6.441032 2.153038 1.397075 2.0
6.67219 2.593889 1.314962 3.0
4.514024 6.326671 0.160694 2.0
2.234345 1.834069 1.505598 1.0
6.970377 3.814273 1.280119 3.0
8.174896 4.050971 0.355494 3.0
2.819201 2.551719 1.179906 1.0
6.693052 5.037155 1.430883 3.0
5.492442 3.989973 0.806539 2.0
2.796324 3.568915 1.248266 1.0
4.023045 5.524155 0.3781 1.0
7.055777 4.009581 1.223119 3.0
1.752893 3.019497 1.300972 0.0
0.259602 1.613657 0.301228 0.0
0.771075 0.967637 0.534149 0.0
6.73914 1.76016 1.378484 3.0
7.471165 4.017382 0.840189 3.0
6.213651 3.907246 1.245803 2.0
1.586686 5.63075 1.134502 0.0
4.985028 3.943991 0.40344 2.0
7.252225 2.519261 1.080639 3.0
0.522105 6.301514 0.460126 0.0
6.003284 2.598254 1.071838 2.0
2.288138 3.697168 1.478014 1.0
0.081263 0.96953 0.113888 0.0
8.644996 4.006321 0.046246 3.0
4.495363 5.240852 0.161816 2.0
6.913464 3.530952 1.180283 3.0
3.415417 6.329546 0.730728 1.0
2.502993 1.870226 1.324016 1.0
5.710111 0.058245 0.935547 2.0
7.219197 5.938166 1.034647 3.0
3.47077 3.45153 0.664383 1.0
3.275698 2.359522 0.797011 1.0
3.020005 3.032198 1.007641 1.0
3.078294 1.26038 1.070033 1.0
3.070783 4.692135 0.970108 1.0
4.969864 5.292874 0.442139 2.0
5.487376 5.43183 0.753369 2.0
8.517584 3.663089 0.199875 3.0
2.309657 2.193227 1.4583 1.0
3.973863 1.952322 0.297854 1.0
3.009171 4.814788 1.012392 1.0
6.204106 4.881273 1.234338 2.0
4.771189 1.352565 0.269498 2.0
3.776468 5.393026 0.56956 1.0
3.334495 1.819869 0.836902 1.0
3.316579 3.849474 0.819634 1.0
1.508219 0.636843 1.076992 0.0
8.691058 4.142139 0.02605 3.0
1.574108 4.466043 1.141733 0.0
2.731408 3.759551 1.179985 1.0
0.83259 4.425863 0.602939 0.0
6.698626 4.103949 1.419733 3.0
7.968166 6.360198 0.562531 3.0
3.24359 3.563989 0.885479 1.0
0.287888 3.631017 0.192617 0.0
6.206753 0.26508 1.188917 2.0
3.714497 0.214128 0.500814 1.0
6.141968 4.655514 1.285431 2.0
6.709478 3.869775 1.375109 3.0
4.667329 2.595256 0.261557 2.0
6.515738 5.977558 1.410705 2.0
5.231192 2.038362 0.619005 2.0
5.459038 3.712955 0.806425 2.0
1.31433 5.850584 0.954673 0.0
5.021789 6.199688 0.488569 2.0
1.294232 1.82703 0.983107 0.0
5.247873 1.748344 0.571752 2.0
7.395108 1.393174 0.923757 3.0
8.483285 0.266167 0.232771 3.0
5.054826 3.037545 0.454621 2.0
4.499895 6.129206 0.100608 2.0
1.960421 3.636854 1.415771 0.0
2.260764 2.623007 1.518816 1.0
1.333036 1.821289 0.967672 0.0
6.228079 0.764089 1.236004 2.0
1.204133 0.150132 0.929735 0.0
5.456075 4.312361 0.831362 2.0
3.253478 5.332037 0.834246 1.0
2.097773 2.412184 1.429217 0.0
0.293541 0.284136 0.249417 0.0
5.727177 1.718043 0.959292 2.0
0.071306 5.470915 0.085751 0.0
3.778528 6.131126 0.528215 1.0
4.507512 2.874904 0.043581 2.0
1.363399 0.538479 0.962465 0.0
4.467551 3.764758 0.139666 2.0
1.787455 0.694843 1.282749 0.0
0.009694 0.538075 0.060305 0.0
6.715245 0.638315 1.396251 3.0
6.49606 2.645219 1.489163 2.0
7.938759 0.889152 0.621828 3.0
1.938332 0.55977 1.478338 0.0
4.486221 0.671545 0.139403 2.0
6.958272 5.162744 1.18499 3.0
8.67173 4.790272 0.067046 3.0
6.727298 4.14802 1.369061 3.0
0.327139 0.240967 0.283908 0.0
8.453799 3.507698 0.229388 3.0
2.536923 1.449903 1.384514 1.0
3.510301 6.046821 0.577046 1.0
3.959409 2.294195 0.310607 1.0
6.181579 5.35722 1.209138 2.0
2.757888 2.518437 1.180213 1.0
5.786018 6.349487 0.971844 2.0
6.441032 2.153038 1.397075 2.0
3.764442 4.438178 0.515733 1.0
3.334495 1.819869 0.836902 1.0
5.95965 2.617327 1.076528 2.0
5.242754 3.906624 0.570007 2.0
6.472271 1.296037 1.491425 2.0
0.288054 3.820207 0.244964 0.0
5.727177 1.718043 0.959292 2.0
5.465305 1.660043 0.681178 2.0
6.42791 1.042597 1.437834 2.0
1.099125 6.256548 0.771688 0.0
8.007373 0.980942 0.529556 3.0
4.281428 1.787271 0.119716 1.0
5.738134 3.821408 0.894218 2.0
6.231304 4.968812 1.27735 2.0
3.115714 5.351917 1.002075 1.0
8.212508 4.429623 0.349315 3.0
2.950207 0.092272 1.041344 1.0
1.533007 4.410787 1.22041 0.0
6.007745 6.079174 1.057069 2.0
6.723932 1.53746 1.366615 3.0
3.010705 3.81557 1.065422 1.0
3.732878 0.275274 0.562592 1.0
8.729108 1.201372 0.095139 3.0
3.267616 5.199392 0.891492 1.0
5.967556 3.572429 1.132661 2.0
1.0697 3.785216 0.792725 0.0
0.768384 3.627817 0.57489 0.0
5.488138 0.507537 0.752957 2.0
3.452897 0.22114 0.677575 1.0
5.244603 2.915199 0.56786 2.0
4.968479 3.707345 0.430516 2.0
3.258483 0.12331 0.878677 1.0
1.752893 3.019497 1.300972 0.0
8.195906 1.093515 0.376522 3.0
5.707516 4.405238 0.944566 2.0
0.327489 4.745963 0.200322 0.0
0.304033 5.561802 0.222507 0.0
1.328223 2.599569 0.879984 0.0
0.308802 5.834131 0.1943 0.0
8.479814 4.786213 0.222849 3.0
3.795839 4.805734 0.447346 1.0
3.508425 2.198688 0.717554 1.0
5.265316 3.256169 0.646993 2.0
1.522541 1.877922 1.101982 0.0
4.217897 5.818161 0.137081 1.0
3.503964 5.163375 0.69699 1.0
3.498012 0.138877 0.702583 1.0
2.777268 5.885128 1.196367 1.0
4.467551 3.764758 0.139666 2.0
7.471165 4.017382 0.840189 3.0
5.22361 2.949041 0.638535 2.0
7.682558 1.428858 0.685105 3.0
4.493066 4.466665 0.079563 2.0
6.249475 3.509907 1.23681 2.0
2.207891 1.725186 1.469853 1.0
3.753477 0.070815 0.457408 1.0
4.768244 1.22361 0.254807 2.0
2.271045 1.926429 1.551923 1.0
8.188438 5.730955 0.362191 3.0
7.256432 3.061728 1.079184 3.0
8.690585 5.949579 0.078905 3.0
5.496211 2.159709 0.723093 2.0
8.503735 4.88598 0.218309 3.0
1.751605 4.625589 1.298632 0.0
2.770632 6.067297 1.205904 1.0
3.016999 1.6022 1.033867 1.0
7.455729 2.559871 0.894131 3.0
8.7653 4.438389 0.044633 3.0
0.265071 4.453404 0.266851 0.0
8.685036 5.760923 0.077994 3.0
8.690585 5.949579 0.078905 3.0
2.886939 4.125502 1.22645 1.0
2.080295 0.146994 1.422933 0.0
0.356108 2.726078 0.268709 0.0
2.097773 2.412184 1.429217 0.0
2.950207 0.092272 1.041344 1.0
2.75127 0.621723 1.172955 1.0
2.097773 2.412184 1.429217 0.0
2.739963 2.651749 1.1737 1.0
1.652364 6.196156 1.248109 0.0
0.807188 1.150402 0.562951 0.0
1.973928 3.507847 1.452296 0.0
4.495363 5.240852 0.161816 2.0
3.295542 4.575338 0.911556 1.0
7.17147 1.975278 1.020071 3.0
4.20418 3.518926 0.116622 1.0
6.246056 4.907902 1.253368 2.0
7.475959 5.664479 0.814954 3.0
7.940363 4.889574 0.533728 3.0
5.233699 4.333415 0.61457 2.0
5.963586 1.145335 1.065352 2.0
8.410025 1.087633 0.329391 3.0
4.510194 3.53892 0.094131 2.0
7.696573 5.491092 0.695868 3.0
1.063871 1.573853 0.759952 0.0
6.967388 0.065538 1.223548 3.0
4.961081 2.126155 0.428422 2.0
4.216609 3.737331 0.176507 1.0
8.239706 5.789577 0.418727 3.0
8.483443 5.074635 0.218878 3.0
3.29073 2.00423 0.899074 1.0
7.759464 5.753745 0.747645 3.0
2.982157 1.895785 1.020754 1.0
1.032868 0.819494 0.728212 0.0
5.479022 0.944707 0.791796 2.0
4.4574 5.158388 0.21212 2.0
1.052862 6.067954 0.735838 0.0
1.527958 3.189351 1.044438 0.0
4.209325 1.206859 0.148519 1.0
4.03976 6.218069 0.346825 1.0
4.735041 6.295466 0.298958 2.0
0.512148 2.759465 0.41175 0.0
0.746541 3.311732 0.618848 0.0
1.554649 2.68695 1.171789 0.0
6.249475 3.509907 1.23681 2.0
3.510301 6.046821 0.577046 1.0
5.487376 5.43183 0.753369 2.0
0.568333 3.703751 0.448669 0.0
3.508425 2.198688 0.717554 1.0
7.253058 3.570834 0.998648 3.0
3.060326 0.16165 1.030282 1.0
6.963531 2.29359 1.191511 3.0
8.172205 2.41548 0.426598 3.0
2.275332 4.22249 1.55755 1.0
1.017152 4.672948 0.765868 0.0
0.566186 4.78986 0.421891 0.0
3.833469 1.280014 0.465288 1.0
5.247873 1.748344 0.571752 2.0
1.524058 4.965437 1.067745 0.0
3.959514 5.193984 0.344818 1.0
5.721699 1.457117 0.935459 2.0
3.268054 5.347482 0.891966 1.0
8.672607 0.097689 0.122925 3.0
2.003932 0.840426 1.409714 0.0
3.764267 0.7398 0.506345 1.0
2.477959 3.95464 1.430962 1.0
4.023045 5.524155 0.3781 1.0
4.458049 2.671751 0.151797 2.0
4.660685 5.128069 0.27097 2.0
7.462364 2.651398 0.902274 3.0
1.098783 4.808424 0.712277 0.0
8.421542 2.59644 0.301 3.0
8.223201 4.12126 0.388338 3.0
0.802928 3.391812 0.550908 0.0
2.789644 4.825315 1.24668 1.0
4.933269 3.11822 0.474808 2.0
4.933269 3.11822 0.474808 2.0
6.948087 3.722509 1.224267 3.0
2.276559 1.352249 1.540168 1.0
6.438937 4.019521 1.403333 2.0
0.496861 0.598512 0.422759 0.0
3.276119 1.955635 0.892816 1.0
5.421759 2.592057 0.741036 2.0
2.080295 0.146994 1.422933 0.0
4.757673 4.947398 0.30157 2.0
2.777241 2.401377 1.247846 1.0
0.519107 1.20068 0.366644 0.0
1.02419 2.901323 0.782364 0.0
0.892877 0.755578 0.56012 0.0
2.26725 0.782058 1.489128 1.0
0.370483 2.393786 0.248023 0.0
8.68934 1.087572 0.020756 3.0
8.207687 4.096095 0.397787 3.0
3.254144 0.120041 0.862102 1.0
2.731408 3.759551 1.179985 1.0
3.006612 1.99358 1.033613 1.0
2.609219 5.735872 1.398556 1.0
4.300572 5.91727 0.130638 1.0
1.571881 0.714801 1.085372 0.0
8.401058 0.024955 0.217143 3.0
3.262147 5.581787 0.866765 1.0
3.115714 5.351917 1.002075 1.0
7.214263 3.58556 0.97656 3.0
8.740687 2.159603 0.095726 3.0
6.921423 2.863159 1.280295 3.0
2.754881 2.844173 1.213652 1.0
4.494136 0.596645 0.104535 2.0
1.077413 5.692195 0.76564 0.0
4.495363 5.240852 0.161816 2.0
8.733736 0.035333 0.086557 3.0
2.737096 1.752429 1.227484 1.0
5.966917 2.083994 1.103437 2.0
3.267616 5.199392 0.891492 1.0
3.720966 2.452969 0.542108 1.0
0.83259 4.425863 0.602939 0.0
4.042092 0.452649 0.389232 1.0
2.051457 1.023445 1.445082 0.0
8.185002 4.325465 0.426844 3.0
7.437778 0.40146 0.923372 3.0
4.971713 0.693037 0.481031 2.0
3.459357 5.685331 0.689566 1.0
4.532878 1.99351 0.075522 2.0
7.658374 4.222429 0.742368 3.0
2.941144 5.038557 0.991487 1.0
3.49838 0.370947 0.685289 1.0
6.423782 1.090403 1.386258 2.0
3.298347 0.262924 0.868317 1.0
3.987098 4.076873 0.280376 1.0
2.534662 2.014073 1.378861 1.0
5.441525 1.260336 0.751248 2.0
5.682824 5.928104 0.961869 2.0
8.383922 5.384094 0.238022 3.0
4.590011 0.378275 0.129849 2.0
2.257521 5.651901 1.515459 1.0
0.327489 4.745963 0.200322 0.0
6.181579 5.35722 1.209138 2.0
7.192507 0.987262 1.036094 3.0
7.849799 3.00599 0.608487 3.0
7.25546 6.236739 1.088186 3.0
4.516724 3.886289 0.115272 2.0
3.209169 5.158607 0.886268 1.0
6.738999 3.407195 1.313445 3.0
3.492043 4.650491 0.611134 1.0
3.937434 0.746786 0.285048 1.0
0.508747 1.674374 0.428781 0.0
0.841776 2.383601 0.618567 0.0
3.220389 3.191744 0.845203 1.0
1.503749 3.671881 1.081358 0.0
7.662161 2.994332 0.767972 3.0
7.183128 2.220575 1.053642 3.0
0.335772 2.300094 0.221096 0.0
5.69074 3.041524 1.005108 2.0
5.257111 0.165647 0.6326 2.0
3.756027 2.886422 0.487903 1.0
6.95374 0.435504 1.226853 3.0
0.370483 2.393786 0.248023 0.0
3.525263 0.432646 0.695562 1.0
6.921423 2.863159 1.280295 3.0
5.28438 3.073658 0.583296 2.0
1.756145 1.754366 1.323043 0.0
8.195906 1.093515 0.376522 3.0
3.282307 3.591415 0.85949 1.0
6.492572 1.659841 1.441673 2.0
3.984328 0.871183 0.261145 1.0
4.4574 5.158388 0.21212 2.0
2.497839 5.583514 1.432355 1.0
8.478333 5.01561 0.231448 3.0
3.764267 0.7398 0.506345 1.0
1.038223 3.179174 0.772416 0.0
3.487266 0.96222 0.68223 1.0
1.760063 4.613142 1.300516 0.0
6.965547 5.73262 1.257137 3.0
8.168874 0.280086 0.39478 3.0
6.213651 3.907246 1.245803 2.0
0.071306 5.470915 0.085751 0.0
0.017049 3.235412 0.129832 0.0
5.497281 3.454974 0.754464 2.0
7.67012 5.509719 0.710401 3.0
5.389485 0.316918 0.821414 2.0
0.892877 0.755578 0.56012 0.0
1.099125 6.256548 0.771688 0.0
2.014546 3.831593 1.392105 0.0
8.158294 1.310272 0.335913 3.0
6.738999 3.407195 1.313445 3.0
7.695083 5.486394 0.748197 3.0
1.960421 3.636854 1.415771 0.0
5.472808 1.62002 0.766718 2.0
7.42143 3.852174 0.980863 3.0
0.771075 0.967637 0.534149 0.0
5.226477 1.878228 0.664427 2.0
5.710111 0.058245 0.935547 2.0
4.735041 6.295466 0.298958 2.0
7.924988 4.589721 0.61038 3.0
2.035881 4.226961 1.437281 0.0
3.070783 4.692135 0.970108 1.0
0.992697 4.118227 0.729264 0.0
4.510194 3.53892 0.094131 2.0
1.287018 5.086433 0.954278 0.0
5.786018 6.349487 0.971844 2.0
1.95922 1.542991 1.446529 0.0
1.259582 5.392193 1.010516 0.0
4.229345 3.661187 0.245718 1.0
6.522426 0.30129 1.413527 2.0
0.496545 1.800822 0.408375 0.0
2.269231 0.270471 1.489049 1.0
1.281434 2.077008 0.932496 0.0
1.787429 1.551835 1.285703 0.0
7.701499 2.83454 0.713995 3.0
5.022473 2.176599 0.510789 2.0
2.463856 0.597145 1.335104 1.0
2.271045 1.926429 1.551923 1.0
6.456047 0.101809 1.410039 2.0
7.707618 4.620216 0.696079 3.0
1.586686 5.63075 1.134502 0.0
7.715848 4.731938 0.736627 3.0
7.714674 5.24938 0.716309 3.0
3.777722 1.705272 0.476815 1.0
6.971657 3.936303 1.259477 3.0
6.021507 3.882327 1.110301 2.0
0.324483 5.686392 0.211971 0.0
1.756145 1.754366 1.323043 0.0
1.552422 3.899603 1.149543 0.0
1.834218 0.543072 1.284309 0.0
0.7858 4.912188 0.539872 0.0
2.008718 2.005255 1.413448 0.0
6.709478 1.877939 1.398749 3.0
0.2616 2.734668 0.172641 0.0
7.695083 5.486394 0.748197 3.0
3.472505 1.967494 0.684412 1.0
5.001804 2.050519 0.421585 2.0
8.483443 5.074635 0.218878 3.0
7.968166 6.360198 0.562531 3.0
4.415406 3.355094 0.127202 2.0
6.727683 5.614613 1.307555 3.0
7.211493 2.895775 1.065633 3.0
6.698626 4.103949 1.419733 3.0
4.060017 4.490191 0.34523 1.0
7.966246 6.172533 0.647992 3.0
4.971713 0.693037 0.481031 2.0
6.948087 3.722509 1.224267 3.0
2.026879 0.992486 1.442497 0.0
3.282307 3.591415 0.85949 1.0
7.662161 2.994332 0.767972 3.0
5.668204 5.004618 0.940157 2.0
4.677664 3.6667 0.297179 2.0
3.779466 6.362381 0.494784 1.0
6.953872 2.975153 1.217167 3.0
6.965547 5.73262 1.257137 3.0
4.205346 1.552194 0.158275 1.0
6.800768 2.94564 1.389835 3.0
4.961221 3.918878 0.398453 2.0
0.272837 5.973254 0.197631 0.0
7.224921 3.041419 1.042939 3.0
7.25546 6.236739 1.088186 3.0
6.441032 2.153038 1.397075 2.0
8.730546 0.374199 0.150202 3.0
3.319892 6.023304 0.847149 1.0
8.168874 0.280086 0.39478 3.0
4.968479 3.707345 0.430516 2.0
8.168874 0.280086 0.39478 3.0
2.035881 4.226961 1.437281 0.0
1.258846 1.626919 1.031667 0.0
1.729648 3.441099 1.301402 0.0
8.19382 2.180623 0.405877 3.0
7.930239 0.132707 0.616034 3.0
1.482992 4.163263 1.130478 0.0
2.540324 1.202608 1.379816 1.0
5.980836 2.035276 1.085924 2.0
8.383922 5.384094 0.238022 3.0
4.467551 3.764758 0.139666 2.0
7.256643 6.215544 1.119583 3.0
2.697302 3.377875 1.180958 1.0
6.231304 4.968812 1.27735 2.0
6.741252 1.664232 1.427429 3.0
5.222655 3.004447 0.564065 2.0
8.481366 2.60183 0.239573 3.0
1.0501 0.514392 0.710182 0.0
2.03333 4.538804 1.433626 0.0
6.928908 1.302918 1.228054 3.0
4.224603 0.988366 0.207036 1.0
1.314181 0.364093 1.001935 0.0
3.273822 0.591272 0.883288 1.0
1.482992 4.163263 1.130478 0.0
3.775048 3.150713 0.574522 1.0
5.734093 5.388118 0.947126 2.0
2.299278 4.634135 1.547864 1.0
4.270367 3.070809 0.139342 1.0
3.043111 3.365437 1.020947 1.0
1.068201 4.553039 0.787983 0.0
1.768934 4.801763 1.324156 0.0
1.793836 2.964135 1.331931 0.0
5.056509 1.533805 0.374944 2.0
5.485404 1.628242 0.771311 2.0
8.648187 3.353595 0.0465 3.0
4.912092 0.730281 0.461239 2.0
5.233699 4.333415 0.61457 2.0
6.216947 4.72277 1.282232 2.0
4.019039 4.768805 0.250109 1.0
3.481612 0.6326 0.649745 1.0
7.224921 3.041419 1.042939 3.0
2.226281 5.329776 1.487445 1.0
4.019039 4.768805 0.250109 1.0
1.258846 1.626919 1.031667 0.0
5.477331 4.677716 0.762502 2.0
4.720596 3.762233 0.289281 2.0
1.787429 1.551835 1.285703 0.0
1.268488 4.507731 0.846553 0.0
3.833469 1.280014 0.465288 1.0
1.816845 0.359903 1.284949 0.0
6.967388 0.065538 1.223548 3.0
5.94112 1.386039 1.141742 2.0
1.999707 1.421872 1.509639 0.0
6.698626 4.103949 1.419733 3.0
1.063871 1.573853 0.759952 0.0
0.502892 1.258627 0.361008 0.0
8.405011 0.750161 0.223191 3.0
3.00641 3.939161 1.015583 1.0
6.204491 1.830747 1.285817 2.0
4.590011 0.378275 0.129849 2.0
4.494136 0.596645 0.104535 2.0
1.314181 0.364093 1.001935 0.0
6.249615 2.37984 1.294135 2.0
4.045773 2.591478 0.272794 1.0
1.246952 0.036306 0.920619 0.0
4.930376 3.185249 0.434584 2.0
4.521431 4.555502 0.161676 2.0
0.83259 4.425863 0.602939 0.0
7.937058 4.508038 0.574425 3.0
0.055274 4.555993 0.128008 0.0
2.225431 0.878125 1.467592 1.0
5.95965 2.617327 1.076528 2.0
7.716742 1.989171 0.803717 3.0
5.22496 1.553816 0.611415 2.0
8.740687 2.159603 0.095726 3.0
5.496211 2.159709 0.723093 2.0
1.517887 3.225622 1.104954 0.0
5.537741 6.004529 0.790437 2.0
1.733522 5.78686 1.299359 0.0
5.745339 2.151119 0.932979 2.0
6.503791 3.833635 1.371761 2.0
3.042357 6.174698 1.036996 1.0
7.455729 2.559871 0.894131 3.0
2.317992 2.95771 1.505747 1.0
5.688873 2.128714 1.031948 2.0
3.973863 1.952322 0.297854 1.0
0.344091 5.089221 0.237776 0.0
4.930376 3.185249 0.434584 2.0
3.020005 3.032198 1.007641 1.0
2.993964 4.350516 1.031413 1.0
1.277376 1.530351 0.926764 0.0
0.335772 2.300094 0.221096 0.0
5.744602 4.00434 0.9214 2.0
3.795839 4.805734 0.447346 1.0
4.675262 5.460852 0.359824 2.0
0.526908 4.196571 0.401933 0.0
1.756145 1.754366 1.323043 0.0
3.013624 2.410449 1.000392 1.0
6.461376 1.086143 1.481274 2.0
1.815267 0.845659 1.285615 0.0
4.783145 0.397778 0.291315 2.0
4.742956 0.962079 0.286546 2.0
5.46541 1.59851 0.781102 2.0
8.223114 3.113443 0.398383 3.0
6.472271 1.296037 1.491425 2.0
3.525263 0.432646 0.695562 1.0
6.682516 0.362498 1.381841 3.0
6.707225 1.596643 1.433731 3.0
3.693741 5.49601 0.514409 1.0
2.739963 2.651749 1.1737 1.0
3.50328 3.982111 0.676094 1.0
8.002535 1.484833 0.575459 3.0
3.504174 4.902985 0.710638 1.0
6.937717 5.692615 1.224556 3.0
4.194538 1.681535 0.083148 1.0
3.959514 5.193984 0.344818 1.0
5.745102 1.651374 0.929341 2.0
4.514024 6.326671 0.160694 2.0
3.693741 5.49601 0.514409 1.0
7.479273 2.965985 0.888337 3.0
0.56275 4.249295 0.40692 0.0
2.035881 4.226961 1.437281 0.0
7.667201 5.289166 0.707947 3.0
0.106358 3.392679 0.036148 0.0
7.941634 6.144414 0.599126 3.0
2.713763 3.142956 1.175015 1.0
3.060974 4.583454 1.052046 1.0
7.431134 4.273899 0.897155 3.0
2.00494 6.392893 1.536294 0.0
3.010705 3.81557 1.065422 1.0
7.659216 2.018596 0.792339 3.0
3.298347 0.262924 0.868317 1.0
4.458049 2.671751 0.151797 2.0
1.608424 1.231095 1.088861 0.0
2.78428 1.732812 1.216606 1.0
5.265132 2.004878 0.595839 2.0
7.693619 0.666584 0.711663 3.0
5.253763 6.382155 0.607093 2.0
1.30468 0.882701 0.919927 0.0
0.59178 6.228719 0.423119 0.0
0.302622 5.311255 0.213321 0.0
6.234363 0.975429 1.218175 2.0
4.970696 2.428996 0.473449 2.0
1.246952 0.036306 0.920619 0.0
4.771189 1.352565 0.269498 2.0
1.716298 2.777434 1.2623 0.0
1.768934 4.801763 1.324156 0.0
7.253058 3.570834 0.998648 3.0
5.485404 1.628242 0.771311 2.0
6.702641 1.126429 1.41003 3.0
6.003284 2.598254 1.071838 2.0
4.233044 1.805301 0.117902 1.0
2.49378 4.175552 1.350952 1.0
3.532319 0.56935 0.776264 1.0
6.727683 5.614613 1.307555 3.0
4.22306 3.307972 0.14397 1.0
5.048366 4.226698 0.449826 2.0
1.608424 1.231095 1.088861 0.0
1.052862 6.067954 0.735838 0.0
8.643708 4.67968 0.045676 3.0
4.225348 4.197904 0.165559 1.0
0.054117 3.983715 0.035149 0.0
8.198308 4.100775 0.459161 3.0
6.730786 2.195506 1.464322 3.0
1.53242 1.207692 1.084969 0.0
2.480115 1.23255 1.345027 1.0
8.179795 1.776858 0.476938 3.0
7.99675 6.082224 0.556071 3.0
8.47977 5.029932 0.316156 3.0
8.674378 6.185918 0.127693 3.0
7.771587 0.620776 0.693528 3.0
7.911262 1.26379 0.558656 3.0
5.980704 5.318311 1.087081 2.0
2.502993 1.870226 1.324016 1.0
0.060296 2.43933 0.057965 0.0
3.764442 4.438178 0.515733 1.0
4.983467 6.221768 0.439168 2.0
4.507845 3.143526 0.1603 2.0
2.572335 3.319507 1.344115 1.0
6.450621 3.77674 1.406796 2.0
3.009171 4.814788 1.012392 1.0
4.675131 2.437726 0.25713 2.0
4.970451 0.779025 0.390012 2.0
3.009171 4.814788 1.012392 1.0
0.756068 0.481539 0.565748 0.0
6.975426 6.179072 1.188233 3.0
5.308082 4.71091 0.542677 2.0
6.423238 0.270304 1.446415 2.0
7.877384 2.270835 0.593893 3.0
6.928908 1.302918 1.228054 3.0
3.770254 4.055748 0.526777 1.0
0.81115 3.134682 0.48331 0.0
1.056552 4.574119 0.729089 0.0
5.985394 3.349388 1.106891 2.0
0.573689 5.865204 0.447337 0.0
1.977101 3.885824 1.465383 0.0
6.204491 1.830747 1.285817 2.0
3.740636 0.8076 0.462343 1.0
7.90396 5.389809 0.533912 3.0
2.032866 4.119358 1.507614 0.0
6.228079 0.764089 1.236004 2.0
6.997462 1.167205 1.224881 3.0
8.648187 3.353595 0.0465 3.0
2.480562 1.696883 1.435099 1.0
5.269988 5.148141 0.60137 2.0
3.503964 5.163375 0.69699 1.0
5.980836 2.035276 1.085924 2.0
4.007381 3.31835 0.284241 1.0
6.39149 1.26996 1.452051 2.0
2.051457 1.023445 1.445082 0.0
1.488208 3.963537 1.095286 0.0
5.265132 2.004878 0.595839 2.0
6.021507 3.882327 1.110301 2.0
5.99657 3.043382 1.074363 2.0
5.726967 5.574389 0.915062 2.0
4.504865 4.929114 0.14617 2.0
8.405011 0.750161 0.223191 3.0
0.012885 0.957171 0.059341 0.0
5.71651 5.351154 0.94177 2.0
7.495234 0.891072 0.923135 3.0
1.770985 1.280076 1.260012 0.0
3.937434 0.746786 0.285048 1.0
5.28438 3.073658 0.583296 2.0
4.013429 3.326773 0.315428 1.0
1.960421 3.636854 1.415771 0.0
2.534662 2.014073 1.378861 1.0
3.230618 2.324698 0.834816 1.0
6.166248 5.39903 1.32725 2.0
8.481366 2.60183 0.239573 3.0
3.036984 4.014043 1.020079 1.0
0.511972 4.603194 0.402275 0.0
3.728767 5.301438 0.557719 1.0
3.060326 0.16165 1.030282 1.0
4.983467 6.221768 0.439168 2.0
1.608424 1.231095 1.088861 0.0
0.764615 2.891953 0.582752 0.0
0.092965 5.218728 0.081158 0.0
7.252225 2.519261 1.080639 3.0
5.786018 6.349487 0.971844 2.0
4.743807 5.550565 0.348412 2.0
3.273498 2.87465 0.863776 1.0
1.04783 3.768071 0.727546 0.0
7.662161 2.994332 0.767972 3.0
2.035881 4.226961 1.437281 0.0
6.389089 3.766081 1.41095 2.0
5.981204 0.332389 1.06629 2.0
5.471677 2.188503 0.70388 2.0
4.744149 0.45555 0.29738 2.0
6.756381 2.368419 1.3389 3.0
4.509081 3.631087 0.028391 2.0
5.465305 1.660043 0.681178 2.0
0.992697 4.118227 0.729264 0.0
8.002535 1.484833 0.575459 3.0
2.350117 5.066466 1.496736 1.0
7.202868 3.996363 1.051783 3.0
4.206485 2.942362 0.100144 1.0
3.334495 1.819869 0.836902 1.0
4.956505 2.907389 0.399443 2.0
4.229345 3.661187 0.245718 1.0
5.265132 2.004878 0.595839 2.0
0.54166 2.131625 0.40025 0.0
0.116096 5.164339 0.047298 0.0
7.275322 2.239902 1.040327 3.0
3.504174 4.902985 0.710638 1.0
3.006612 1.99358 1.033613 1.0
6.24014 2.12484 1.213214 2.0
3.042357 6.174698 1.036996 1.0
0.335772 2.300094 0.221096 0.0
2.739963 2.651749 1.1737 1.0
4.715372 3.55652 0.259234 2.0
1.068201 4.553039 0.787983 0.0
7.984978 1.648718 0.583112 3.0
0.98955 1.276578 0.798896 0.0
3.115714 5.351917 1.002075 1.0
5.457854 2.680192 0.723181 2.0
7.479273 2.965985 0.888337 3.0
4.225348 4.197904 0.165559 1.0
8.415757 0.671755 0.261372 3.0
6.693052 5.037155 1.430883 3.0
8.152211 4.903703 0.44377 3.0
0.055274 4.555993 0.128008 0.0
1.366019 2.886115 0.908085 0.0
4.930376 3.185249 0.434584 2.0
3.290231 2.64308 0.870587 1.0
1.823393 2.747448 1.241377 0.0
2.344779 5.36922 1.487138 1.0
2.837503 0.895595 1.226397 1.0
3.472505 1.967494 0.684412 1.0
2.094679 4.368503 1.489838 0.0
6.155791 2.185715 1.347814 2.0
3.272253 4.706966 0.8722 1.0
2.770878 6.341808 1.18435 1.0
4.979698 5.810929 0.478121 2.0
2.073511 5.614499 1.44148 0.0
8.208388 5.963042 0.375269 3.0
4.482592 2.997873 0.129577 2.0
4.742956 0.962079 0.286546 2.0
4.481803 5.444075 0.171239 2.0
6.423782 1.090403 1.386258 2.0
4.75209 1.7586 0.32244 2.0
2.731408 3.759551 1.179985 1.0
2.511136 4.701856 1.418041 1.0
7.475959 5.664479 0.814954 3.0
6.405173 1.059935 1.351539 2.0
3.744519 3.514403 0.542379 1.0
3.973863 1.952322 0.297854 1.0
6.975426 6.179072 1.188233 3.0
7.022951 2.175767 1.227931 3.0
0.037507 4.854065 0.07859 0.0
8.483443 5.074635 0.218878 3.0
4.525559 4.866968 0.17705 2.0
5.225565 2.281424 0.594095 2.0
0.566887 0.875206 0.389819 0.0
3.060974 4.583454 1.052046 1.0
5.241115 2.082732 0.630953 2.0
7.505341 6.060995 0.899784 3.0
6.648813 3.662546 1.394761 3.0
7.67012 5.509719 0.710401 3.0
2.030701 1.794941 1.460895 0.0
4.496362 5.114386 0.141016 2.0
7.903724 5.718797 0.520212 3.0
6.979598 4.663008 1.180397 3.0
4.667329 2.595256 0.261557 2.0
0.837139 3.544004 0.594647 0.0
6.234363 0.975429 1.218175 2.0
5.648982 0.862584 0.905385 2.0
3.736893 2.961137 0.52903 1.0
3.426286 4.298126 0.682159 1.0
6.521857 0.603999 1.353327 2.0
0.59178 6.228719 0.423119 0.0
8.179795 1.776858 0.476938 3.0
7.476354 0.4799 0.850295 3.0
5.986972 3.598471 1.101413 2.0
1.038223 3.179174 0.772416 0.0
3.260034 4.790491 0.826165 1.0
0.54166 2.131625 0.40025 0.0
7.45608 1.130627 0.876916 3.0
7.662161 2.994332 0.767972 3.0
4.675262 5.460852 0.359824 2.0
2.774524 1.993571 1.204203 1.0
3.006612 1.99358 1.033613 1.0
4.755149 3.562314 0.284916 2.0
7.210721 3.486354 1.034288 3.0
3.765249 2.278925 0.560962 1.0
8.210711 6.3675 0.377083 3.0
6.141968 4.655514 1.285431 2.0
0.526908 4.196571 0.401933 0.0
4.76295 1.403097 0.268131 2.0
5.253763 6.382155 0.607093 2.0
2.724378 1.200487 1.180756 1.0
6.735511 5.649998 1.358814 3.0
6.973532 1.073039 1.242797 3.0
3.213333 5.014269 0.88015 1.0
7.380873 0.100845 0.876609 3.0
8.526884 5.397812 0.181468 3.0
6.280583 3.894537 1.258338 2.0
7.219197 5.938166 1.034647 3.0
4.968479 3.707345 0.430516 2.0
5.265316 3.256169 0.646993 2.0
6.456047 0.101809 1.410039 2.0
5.728869 2.553165 0.989217 2.0
2.225431 0.878125 1.467592 1.0
0.051978 3.003158 0.053907 0.0
0.802928 3.391812 0.550908 0.0
6.188635 4.232851 1.328819 2.0
3.115714 5.351917 1.002075 1.0
0.037507 4.854065 0.07859 0.0
3.801318 2.018149 0.517679 1.0
3.29073 2.00423 0.899074 1.0
2.265514 2.186504 1.551327 1.0
2.947437 3.010144 1.076554 1.0
4.532878 1.99351 0.075522 2.0
1.787324 1.237564 1.315075 0.0
1.110441 3.074508 0.771005 0.0
5.212671 0.847946 0.640866 2.0
3.984328 0.871183 0.261145 1.0
1.733522 5.78686 1.299359 0.0
2.276559 1.352249 1.540168 1.0
4.503094 1.457345 0.14518 2.0
1.819562 4.250101 1.301743 0.0
2.350117 5.066466 1.496736 1.0
4.933269 3.11822 0.474808 2.0
3.452897 0.22114 0.677575 1.0
4.414678 0.333222 0.155058 2.0
5.238213 1.762193 0.633188 2.0
2.047583 2.204727 1.486051 0.0
2.511136 4.701856 1.418041 1.0
4.492961 1.732453 0.150825 2.0
7.99675 6.082224 0.556071 3.0
5.985052 5.201478 1.098599 2.0
8.481366 2.60183 0.239573 3.0
2.769212 6.291873 1.232138 1.0
3.020005 3.032198 1.007641 1.0
1.999707 1.421872 1.509639 0.0
1.503749 3.671881 1.081358 0.0
5.212671 0.847946 0.640866 2.0
1.098783 4.808424 0.712277 0.0
5.938044 3.076717 1.107969 2.0
2.914725 0.47472 1.014732 1.0
0.522105 6.301514 0.460126 0.0
4.255439 2.967501 0.145267 1.0
5.726967 5.574389 0.915062 2.0
0.764615 2.891953 0.582752 0.0
7.256432 3.061728 1.079184 3.0
5.742481 6.100316 0.87703 2.0
1.488208 3.963537 1.095286 0.0
8.678287 1.16397 0.11053 3.0
7.453187 3.30188 0.853793 3.0
5.966917 2.083994 1.103437 2.0
4.494136 0.596645 0.104535 2.0
5.735968 0.345265 0.907121 2.0
1.287263 5.070638 0.975087 0.0
2.524091 2.739971 1.429805 1.0
4.983467 6.221768 0.439168 2.0
8.210711 6.3675 0.377083 3.0
7.703209 5.395428 0.715511 3.0
3.973863 1.952322 0.297854 1.0
2.713763 3.142956 1.175015 1.0
2.075807 2.956553 1.436983 0.0
6.389089 3.766081 1.41095 2.0
7.475959 5.664479 0.814954 3.0
4.496362 5.114386 0.141016 2.0
0.002647 1.74582 0.0191 0.0
0.045325 4.40721 0.070429 0.0
1.608424 1.231095 1.088861 0.0
7.55149 1.015171 0.890397 3.0
6.031122 0.677742 1.114788 2.0
7.6687 1.521577 0.723567 3.0
0.071306 5.470915 0.085751 0.0
3.968893 1.626366 0.313693 1.0
5.730429 1.521235 0.959835 2.0
5.913702 2.116215 1.097705 2.0
6.697303 6.344035 1.362294 3.0
1.258846 1.626919 1.031667 0.0
7.499915 3.447682 0.942428 3.0
5.22496 1.553816 0.611415 2.0
1.752464 5.667608 1.29822 0.0
2.229121 3.649336 1.600421 1.0
3.744519 3.514403 0.542379 1.0
1.236232 6.191747 0.953305 0.0
5.668204 5.004618 0.940157 2.0
8.153929 6.320439 0.381466 3.0
0.287931 6.039248 0.275371 0.0
5.466199 5.14027 0.795416 2.0
3.833469 1.280014 0.465288 1.0
2.524091 2.739971 1.429805 1.0
3.272253 4.706966 0.8722 1.0
2.555138 0.165384 1.360734 1.0
1.363399 0.538479 0.962465 0.0
2.480562 1.696883 1.435099 1.0
8.415757 0.671755 0.261372 3.0
1.582601 2.837669 1.083891 0.0
5.265316 3.256169 0.646993 2.0
0.841776 2.383601 0.618567 0.0
7.214263 3.58556 0.97656 3.0
7.662161 2.994332 0.767972 3.0
6.219498 5.686848 1.175383 2.0
3.015964 5.972632 1.040765 1.0
4.481803 5.444075 0.171239 2.0
4.060017 4.490191 0.34523 1.0
4.991497 3.475161 0.467199 2.0
1.972473 4.768455 1.507281 0.0
2.032866 4.119358 1.507614 0.0
0.072945 1.959719 0.120058 0.0
4.233044 1.805301 0.117902 1.0
8.503735 4.88598 0.218309 3.0
5.734093 5.388118 0.947126 2.0
7.659216 2.018596 0.792339 3.0
2.542025 4.12041 1.354221 1.0
0.55522 3.197634 0.389013 0.0
5.233699 4.333415 0.61457 2.0
7.655701 2.230006 0.742079 3.0
5.242754 3.906624 0.570007 2.0
7.462364 2.651398 0.902274 3.0
1.541141 2.076149 1.113798 0.0
3.973161 6.052834 0.357686 1.0
2.697302 3.377875 1.180958 1.0
4.042092 0.452649 0.389232 1.0
2.214229 0.181301 1.503775 1.0
6.996015 0.615946 1.266332 3.0
0.545158 0.5384 0.382413 0.0
0.807188 1.150402 0.562951 0.0
7.941634 6.144414 0.599126 3.0
6.5229 2.06727 1.438535 2.0
6.42791 1.042597 1.437834 2.0
0.081263 0.96953 0.113888 0.0
2.759097 5.360086 1.240132 1.0
0.272837 5.973254 0.197631 0.0
0.541161 2.399036 0.422961 0.0
7.710221 2.836688 0.710901 3.0
7.247474 5.520517 1.069866 3.0
4.970451 0.779025 0.390012 2.0
0.778516 3.404916 0.678522 0.0
8.763345 5.022745 0.055703 3.0
3.500203 5.979249 0.628603 1.0
2.317992 2.95771 1.505747 1.0
3.987125 0.828864 0.34743 1.0
6.732171 0.925984 1.321211 3.0
3.693741 5.49601 0.514409 1.0
8.202568 2.687932 0.430569 3.0
8.717205 2.834952 0.117586 3.0
8.68934 1.087572 0.020756 3.0
0.287888 3.631017 0.192617 0.0
5.99657 3.043382 1.074363 2.0
0.840575 3.935988 0.597601 0.0
6.233241 5.559812 1.323438 2.0
2.282563 3.248464 1.4872 1.0
1.04783 3.768071 0.727546 0.0
1.04783 3.768071 0.727546 0.0
3.554802 2.373845 0.696421 1.0
2.546609 3.674799 1.370788 1.0
3.968893 1.626366 0.313693 1.0
0.801797 0.419165 0.551355 0.0
3.993067 4.875698 0.320082 1.0
3.006191 0.247304 1.011936 1.0
3.29073 2.00423 0.899074 1.0
7.958323 0.987613 0.606936 3.0
4.961081 2.126155 0.428422 2.0
0.344091 5.089221 0.237776 0.0
5.256515 0.238986 0.649377 2.0
1.327172 1.961324 0.931708 0.0
5.980836 2.035276 1.085924 2.0
6.197917 5.970861 1.242928 2.0
8.714461 4.045913 0.085602 3.0
1.00282 1.901527 0.737057 0.0
1.592357 4.888802 1.101439 0.0
6.913963 4.401303 1.270784 3.0
3.936058 0.242843 0.378389 1.0
7.02729 3.966333 1.204808 3.0
5.745102 1.651374 0.929341 2.0
2.515168 4.413364 1.409785 1.0
8.6909 5.553808 0.085418 3.0
8.481366 2.60183 0.239573 3.0
6.967388 0.065538 1.223548 3.0
6.681218 4.282655 1.379728 3.0
8.15101 2.117688 0.425862 3.0
5.966917 2.083994 1.103437 2.0
0.948677 3.958988 0.717554 0.0
7.455729 2.559871 0.894131 3.0
3.523756 5.004469 0.712023 1.0
7.545091 0.66022 0.923328 3.0
4.764896 6.056805 0.301509 2.0
2.429873 3.851411 1.382787 1.0
1.30468 0.882701 0.919927 0.0
6.682516 0.362498 1.381841 3.0
1.574108 4.466043 1.141733 0.0
0.564678 0.053267 0.468163 0.0
3.50328 3.982111 0.676094 1.0
4.493066 4.466665 0.079563 2.0
0.828908 4.588889 0.607488 0.0
3.509968 1.05635 0.697192 1.0
5.257111 0.165647 0.6326 2.0
6.280583 3.894537 1.258338 2.0
4.675262 5.460852 0.359824 2.0
7.28222 4.588109 1.112071 3.0
7.275322 2.239902 1.040327 3.0
3.486854 5.478321 0.747224 1.0
1.319511 2.780634 0.91763 0.0
0.054117 3.983715 0.035149 0.0
1.266437 5.925045 0.909917 0.0
8.20958 3.074569 0.389328 3.0
2.230778 3.740522 1.470213 1.0
6.913464 3.530952 1.180283 3.0
5.476279 4.041601 0.819626 2.0
6.970377 3.814273 1.280119 3.0
5.985394 3.349388 1.106891 2.0
2.914725 0.47472 1.014732 1.0
4.992285 0.743271 0.462685 2.0
6.183437 2.298288 1.282293 2.0
2.777241 2.401377 1.247846 1.0
7.940363 4.889574 0.533728 3.0
7.990781 1.262492 0.554607 3.0
8.672607 0.097689 0.122925 3.0
3.088243 1.214003 1.033841 1.0
6.942591 3.73095 1.245654 3.0
8.198308 4.100775 0.459161 3.0
4.449854 4.907332 0.127404 2.0
3.115714 5.351917 1.002075 1.0
3.740636 0.8076 0.462343 1.0
4.75209 1.7586 0.32244 2.0
6.181579 5.35722 1.209138 2.0
3.469499 5.044123 0.643715 1.0
0.520484 1.382288 0.437783 0.0
0.56275 4.249295 0.40692 0.0
0.794162 1.333781 0.556544 0.0
8.656365 1.170685 0.116543 3.0
2.064973 5.194475 1.505581 0.0
5.466199 5.14027 0.795416 2.0
6.678414 5.240571 1.396207 3.0
6.188635 4.232851 1.328819 2.0
4.715372 3.55652 0.259234 2.0
5.244603 2.915199 0.56786 2.0
5.22361 2.949041 0.638535 2.0
6.001504 0.736618 1.08205 2.0
1.652364 6.196156 1.248109 0.0
3.50328 3.982111 0.676094 1.0
3.036984 4.014043 1.020079 1.0
7.192507 0.987262 1.036094 3.0
3.728487 4.731772 0.538321 1.0
4.247691 4.533247 0.133907 1.0
7.178553 1.428805 1.094497 3.0
5.46541 1.59851 0.781102 2.0
5.731595 1.460229 0.877801 2.0
8.198308 4.100775 0.459161 3.0
2.229121 3.649336 1.600421 1.0
4.415406 3.355094 0.127202 2.0
5.190451 3.544223 0.598425 2.0
5.971361 4.223612 1.062346 2.0
3.486854 5.478321 0.747224 1.0
3.289906 4.15136 0.905569 1.0
0.520904 0.476333 0.381878 0.0
4.744149 0.45555 0.29738 2.0
6.206753 0.26508 1.188917 2.0
4.509081 3.631087 0.028391 2.0
3.763557 0.516346 0.559936 1.0
1.051257 1.024716 0.752229 0.0
4.209325 1.206859 0.148519 1.0
2.486908 2.029728 1.454321 1.0
0.973167 3.362089 0.795504 0.0
6.52815 0.513874 1.412616 2.0
7.253058 3.570834 0.998648 3.0
0.038076 4.190541 0.112836 0.0
7.700062 1.128865 0.752773 3.0
0.294391 3.89771 0.164744 0.0
7.968236 4.646293 0.584619 3.0
8.681802 3.956867 0.082709 3.0
3.262147 5.581787 0.866765 1.0
3.078294 1.26038 1.070033 1.0
6.211416 5.57261 1.268541 2.0
7.048774 5.444443 1.212232 3.0
0.139395 1.105392 0.102142 0.0
2.769212 6.291873 1.232138 1.0
7.210792 0.387654 1.078526 3.0
3.258483 0.12331 0.878677 1.0
2.540324 1.202608 1.379816 1.0
0.2616 2.734668 0.172641 0.0
7.468211 0.146494 0.910837 3.0
5.711662 2.04221 0.95689 2.0
3.013624 2.410449 1.000392 1.0
0.324483 5.686392 0.211971 0.0
6.461201 5.084154 1.402343 2.0
5.528678 3.125014 0.803322 2.0
5.256515 0.238986 0.649377 2.0
5.226477 1.878228 0.664427 2.0
3.290388 5.576712 0.819477 1.0
7.210231 1.029151 1.056552 3.0
8.174966 3.966605 0.413547 3.0
4.216609 3.737331 0.176507 1.0
1.558646 1.416727 1.075879 0.0
2.542025 4.12041 1.354221 1.0
6.73914 1.76016 1.378484 3.0
2.240472 4.748014 1.490548 1.0
3.042357 6.174698 1.036996 1.0
6.912526 5.386899 1.172937 3.0
1.366019 2.886115 0.908085 0.0
5.170379 0.289036 0.582305 2.0
6.5229 2.06727 1.438535 2.0
7.912761 4.673562 0.557605 3.0
4.486221 0.671545 0.139403 2.0
0.747286 2.371811 0.506485 0.0
4.514024 6.326671 0.160694 2.0
4.493066 4.466665 0.079563 2.0
1.067096 3.181979 0.738704 0.0
5.731595 1.460229 0.877801 2.0
4.216609 3.737331 0.176507 1.0
1.973928 3.507847 1.452296 0.0
6.246056 4.907902 1.253368 2.0
8.016524 0.542511 0.661316 3.0
3.332462 4.21376 0.819845 1.0
0.002647 1.74582 0.0191 0.0
2.844138 3.267502 1.221778 1.0
5.625736 1.505265 0.90663 2.0
0.520484 1.382288 0.437783 0.0
7.427067 1.68129 0.905754 3.0
8.195906 1.093515 0.376522 3.0
0.040049 6.261299 0.110557 0.0
3.319892 6.023304 0.847149 1.0
8.188438 5.730955 0.362191 3.0
1.762474 3.106799 1.270381 0.0
8.007373 0.980942 0.529556 3.0
7.938759 0.889152 0.621828 3.0
4.783145 0.397778 0.291315 2.0
1.30468 0.882701 0.919927 0.0
1.571881 0.714801 1.085372 0.0
8.005962 1.90725 0.63033 3.0
0.06602 2.834198 0.038953 0.0
0.344205 0.288904 0.204845 0.0
1.029747 0.528179 0.678636 0.0
3.006191 0.247304 1.011936 1.0
0.794162 1.333781 0.556544 0.0
6.765865 4.082132 1.36857 3.0
1.328223 2.599569 0.879984 0.0
0.7858 4.912188 0.539872 0.0
6.715245 0.638315 1.396251 3.0
0.839435 4.992925 0.554344 0.0
3.332462 4.21376 0.819845 1.0
2.080295 0.146994 1.422933 0.0
5.700355 1.237432 0.931962 2.0
6.951549 6.277506 1.186515 3.0
0.608172 4.744709 0.407543 0.0
4.731106 0.216889 0.252686 2.0
2.778802 2.362704 1.175734 1.0
6.472271 1.296037 1.491425 2.0
5.971361 4.223612 1.062346 2.0
7.693619 0.666584 0.711663 3.0
8.148135 0.614965 0.400206 3.0
1.323893 4.779131 0.971721 0.0
7.248561 3.623286 1.073004 3.0
8.432341 2.489871 0.227205 3.0
1.508219 0.636843 1.076992 0.0
2.728962 0.804839 1.191774 1.0
4.912092 0.730281 0.461239 2.0
8.212639 3.266214 0.4273 3.0
8.691277 4.950712 0.139018 3.0
3.765249 2.278925 0.560962 1.0
2.075807 2.956553 1.436983 0.0
1.793678 5.28694 1.335437 0.0
7.479273 2.965985 0.888337 3.0
6.130451 5.361085 1.288885 2.0
3.755116 0.927439 0.492917 1.0
4.4574 5.158388 0.21212 2.0
0.107752 4.035071 0.085716 0.0
0.554554 4.04161 0.40451 0.0
6.709478 3.869775 1.375109 3.0
0.809511 5.964261 0.563556 0.0
2.963215 1.081866 1.091604 1.0
4.025955 4.74854 0.341522 1.0
0.573689 5.865204 0.447337 0.0
3.036984 4.014043 1.020079 1.0
7.951503 2.339292 0.577905 3.0
4.276336 3.186695 0.226671 1.0
8.15101 2.117688 0.425862 3.0
8.663167 3.951739 0.064416 3.0
4.194783 2.412132 0.137598 1.0
0.541161 2.399036 0.422961 0.0
2.558705 5.846034 1.402474 1.0
5.981204 0.332389 1.06629 2.0
5.46924 3.12291 0.775431 2.0
7.055777 4.009581 1.223119 3.0
7.962162 4.003262 0.547858 3.0
2.996313 2.292214 1.020386 1.0
4.677664 3.6667 0.297179 2.0
5.938044 3.076717 1.107969 2.0
1.515704 0.829224 1.099002 0.0
3.936058 0.242843 0.378389 1.0
0.537497 3.517839 0.434776 0.0
0.790008 6.331062 0.56907 0.0
7.159953 2.372223 1.092218 3.0
4.270367 3.070809 0.139342 1.0
4.445997 1.902473 0.134118 2.0
5.519685 1.55187 0.813604 2.0
8.223114 3.113443 0.398383 3.0
4.203557 0.7102 0.199007 1.0
2.299278 4.634135 1.547864 1.0
3.082169 1.540563 0.994108 1.0
5.22496 1.553816 0.611415 2.0
5.537741 6.004529 0.790437 2.0
8.478894 4.732087 0.258024 3.0
3.936058 0.242843 0.378389 1.0
4.014569 1.227458 0.370194 1.0
7.700316 3.001037 0.769409 3.0
8.733736 0.035333 0.086557 3.0
0.038076 4.190541 0.112836 0.0
5.28438 3.073658 0.583296 2.0
0.592701 3.808321 0.413836 0.0
7.715848 4.731938 0.736627 3.0
2.982157 1.895785 1.020754 1.0
5.676259 1.24483 0.936353 2.0
0.313535 3.363368 0.18316 0.0
5.767699 0.952902 0.869562 2.0
7.692462 0.265913 0.71325 3.0
5.225565 2.281424 0.594095 2.0
7.25546 6.236739 1.088186 3.0
1.059365 4.347396 0.818013 0.0
8.005962 1.90725 0.63033 3.0
7.916416 3.807576 0.569815 3.0
6.68859 3.131088 1.416052 3.0
0.23761 1.460877 0.136598 0.0
1.226003 5.630452 0.955909 0.0
5.439061 3.259903 0.782119 2.0
4.045773 2.591478 0.272794 1.0
5.466199 5.14027 0.795416 2.0
5.985394 3.349388 1.106891 2.0
0.566186 4.78986 0.421891 0.0
5.249792 3.77603 0.626 2.0
1.95922 1.542991 1.446529 0.0
4.196747 5.099555 0.188708 1.0
7.849799 3.00599 0.608487 3.0
0.107752 4.035071 0.085716 0.0
5.476279 4.041601 0.819626 2.0
5.241395 2.475233 0.66519 2.0
0.27829 1.883014 0.221674 0.0
0.566186 4.78986 0.421891 0.0
5.001804 2.050519 0.421585 2.0
2.225431 0.878125 1.467592 1.0
3.319892 6.023304 0.847149 1.0
6.971657 3.936303 1.259477 3.0
7.465643 1.006081 0.825498 3.0
6.003284 2.598254 1.071838 2.0
2.947437 3.010144 1.076554 1.0
8.208388 5.963042 0.375269 3.0
6.522426 0.30129 1.413527 2.0
7.700062 1.128865 0.752773 3.0
2.003932 0.840426 1.409714 0.0
0.293541 0.284136 0.249417 0.0
3.282307 3.591415 0.85949 1.0
7.02729 3.966333 1.204808 3.0
6.24014 2.12484 1.213214 2.0
3.968893 1.626366 0.313693 1.0
5.492442 3.989973 0.806539 2.0
7.25546 6.236739 1.088186 3.0
1.294232 1.82703 0.983107 0.0
0.33714 0.571629 0.325868 0.0
4.920033 4.773661 0.449152 2.0
6.031122 0.677742 1.114788 2.0
0.235962 4.760163 0.262687 0.0
3.50328 3.982111 0.676094 1.0
7.495234 0.891072 0.923135 3.0
1.770985 1.280076 1.260012 0.0
7.214903 4.978252 1.041949 3.0
1.608424 1.231095 1.088861 0.0
5.939735 0.612247 1.170194 2.0
7.224124 2.832752 1.054729 3.0
7.168464 3.818384 1.151971 3.0
7.505341 6.060995 0.899784 3.0
7.248561 3.623286 1.073004 3.0
0.055879 5.914132 0.028996 0.0
3.459357 5.685331 0.689566 1.0
1.292119 5.015031 0.965156 0.0
4.205346 1.552194 0.158275 1.0
3.230197 6.222679 0.917131 1.0
2.463856 0.597145 1.335104 1.0
5.745339 2.151119 0.932979 2.0
0.508747 1.674374 0.428781 0.0
3.655972 4.045642 0.549497 1.0
8.194407 3.510284 0.378591 3.0
5.241395 2.475233 0.66519 2.0
4.270367 3.070809 0.139342 1.0
4.309854 5.516073 0.165612 1.0
0.104605 5.994869 0.08739 0.0
7.976476 6.118153 0.609592 3.0
1.822507 1.0117 1.289393 0.0
7.133981 3.412436 1.046454 3.0
3.082169 1.540563 0.994108 1.0
7.99675 6.082224 0.556071 3.0
5.441507 4.752099 0.780138 2.0
6.971657 3.936303 1.259477 3.0
4.264213 1.922651 0.158871 1.0
6.206753 0.26508 1.188917 2.0
4.735041 6.295466 0.298958 2.0
2.757888 2.518437 1.180213 1.0
6.441032 2.153038 1.397075 2.0
4.229345 3.661187 0.245718 1.0
8.190656 4.693888 0.4055 3.0
7.499915 3.447682 0.942428 3.0