1.003999 0.075597 0.061303 0.0
0.246898 0.220804 0.159799 0.0
2.7502 2.122003 1.490304 0.0
1.5013 1.373403 0.965303 0.0
4.004602 -1.286999 1.2253 2.0
3.508198 2.542399 1.458203 4.0
6.2605 1.733802 1.210903 3.0
1.496797 2.951396 1.165901 4.0
4.505499 1.457699 1.022796 3.0
3.497902 0.034697 1.600796 1.0
0.007202 1.762399 1.240201 0.0
4.750801 1.242602 0.877897 3.0
5.005996 -0.554598 0.370001 2.0
4.7491 -0.347002 0.596403 2.0
4.998101 1.615398 1.136501 3.0
2.501797 4.3194 0.218796 4.0
5.997803 0.811902 0.584697 3.0
5.001903 -0.913698 0.376401 2.0
0.503699 3.195398 1.008502 4.0
2.751601 0.645301 0.967097 1.0
4.750903 0.937902 0.660304 3.0
6.002896 1.3091 0.931502 3.0
1.757204 3.515298 0.773599 4.0
4.000996 -0.344397 1.239902 2.0
3.504003 0.432997 1.592696 1.0
1.499403 2.232598 1.523703 0.0
0.004203 4.231704 0.275102 4.0
5.499597 -1.031103 0.020402 2.0
3.247201 -1.806497 1.392004 1.0
0.257997 4.331499 0.202802 4.0
4.501296 1.244704 0.870096 3.0
0.253904 3.943699 0.481903 4.0
1.752599 -1.1036 0.108501 1.0
3.501901 -0.380803 1.601497 1.0
1.754496 4.110497 0.369198 4.0
1.752197 0.312098 0.221103 0.0
4.997503 1.118302 0.790499 3.0
2.004197 -1.937504 0.324803 1.0
0.754802 2.270004 1.609203 0.0
3.747604 -1.925004 1.457699 2.0
5.510397 3.228097 0.976897 4.0
2.259896 -1.889503 0.5382 1.0
3.996297 -0.373096 1.237296 2.0
1.251804 1.384699 0.979503 0.0
3.751901 1.433101 1.457503 2.0
6.004596 3.255002 0.964901 4.0
4.754799 4.5285 0.075802 4.0
5.254501 2.190698 1.535698 3.0
2.497004 2.697397 1.348702 4.0
6.253503 2.150797 1.512501 3.0
2.252301 0.722898 0.5382 1.0
3.5022 -1.935 1.596703 1.0
0.006296 2.359803 1.605102 4.0
2.755403 2.2857 1.603897 0.0
2.745902 4.527398 0.073803 4.0
1.493397 1.656196 1.166696 0.0
2.250498 -0.940202 0.534902 1.0
2.996201 -2.131797 1.1753 1.0
3.250499 -1.946304 1.396601 1.0
0.997301 1.106204 0.782399 0.0
0.255698 3.717204 0.641097 4.0
4.503902 2.186204 1.532597 3.0
1.751497 -0.831598 0.100999 1.0
1.500104 1.200496 0.849496 0.0
0.502999 0.753802 0.537696 0.0
0.507801 2.447397 1.5246 4.0
5.496598 3.615896 0.707399 4.0
4.756696 -0.596798 0.587696 2.0
4.7538 3.585001 0.731502 4.0
0.757997 3.927799 0.493096 4.0
1.252103 4.150902 0.333099 4.0
4.257302 4.113496 0.3605 4.0
4.498997 -0.519397 0.8098 2.0
4.254901 4.353201 0.198103 4.0
4.254602 -1.928797 1.0189 2.0
1.750403 -1.188596 0.106202 1.0
3.752696 -1.358701 1.4523 2.0
1.499702 1.653103 1.165901 0.0
0.749804 0.829999 0.5892 0.0
3.752499 2.002497 1.455897 2.0
3.751602 -1.270099 1.4476 2.0
3.246304 0.253904 1.393602 1.0
3.501798 4.198202 0.305997 4.0
6.012798 2.127403 1.489501 3.0
6.006997 1.219003 0.858203 3.0
1.005204 0.403998 0.290797 0.0
5.003902 1.2895 0.911996 3.0
0.004596 0.458997 0.327802 0.0
1.506802 0.509603 0.367301 0.0
0.755203 3.683301 0.661697 4.0
3.249201 -1.696996 1.390304 1.0
0.757801 3.470296 0.8152 4.0
5.002997 4.528304 0.073897 4.0
2.997303 -1.343296 1.1743 1.0
0.748701 3.846502 0.5517 4.0
3.752499 2.002497 1.455897 2.0
1.504102 2.335102 1.610203 4.0
3.752397 0.382604 1.455102 2.0
1.004999 4.299501 0.232501 4.0
4.245297 2.024703 1.416901 3.0
0.248598 1.311296 0.924103 0.0
0.001298 1.315098 0.926103 0.0
3.997698 -1.337802 1.244097 2.0
5.500597 -0.670397 0.019599 2.0
2.246798 -2.247902 0.530502 1.0
3.512 3.857404 0.536799 4.0
4.248801 4.564804 0.042002 4.0
1.995499 1.391004 0.977999 0.0
4.505799 0.381399 0.796702 2.0
2.001198 2.363998 1.536203 4.0
2.495602 -1.258701 0.744002 1.0
3.2539 0.000999 1.399899 1.0
4.508704 1.3317 0.937304 3.0
4.753996 -1.582702 0.592797 2.0
4.249997 -0.912801 1.021497 2.0
3.755601 -0.652403 1.453803 2.0
3.003703 -0.753104 1.183203 1.0
3.756498 1.602599 1.450702 2.0
5.509901 3.467998 0.813799 4.0
1.9989 -1.855703 0.316003 1.0
2.752199 -0.884896 0.970404 1.0
1.503197 0.194001 0.144898 0.0
1.256503 3.484001 0.803102 4.0
3.255199 0.515396 1.404401 1.0
1.504102 2.335102 1.610203 4.0
4.755303 3.601397 0.721702 4.0
4.751296 -1.132103 0.592797 2.0
5.504296 0.262798 0.194599 3.0
4.257498 2.536401 1.459101 4.0
1.251898 0.573898 0.409697 0.0
4.998998 0.836202 0.592396 3.0
5.004304 0.816704 0.580699 3.0
6.257202 4.198604 0.293702 4.0
4.253397 2.157102 1.509699 3.0
4.252799 -0.341201 1.0216 2.0
2.503497 -0.153197 0.756203 1.0
5.502698 1.807102 1.267397 3.0
4.506499 -0.403599 0.802299 2.0
5.496598 3.615896 0.707399 4.0
0.250803 0.362696 0.261098 0.0
1.755299 2.251797 1.539304 0.0
0.502999 0.753802 0.537696 0.0
3.998501 -0.037202 1.243302 2.0
3.2468 -0.180803 1.3942 1.0
0.004801 0.131997 0.098 0.0
3.756002 -2.266101 1.449403 2.0
0.505502 3.033599 1.114098 4.0
5.507697 2.025301 1.4209 3.0
2.003001 1.7138 1.207998 0.0
1.003299 3.472304 0.810398 4.0
6.252896 4.549997 0.063601 4.0
2.503198 3.3978 0.862304 4.0
5.001297 3.635001 0.699103 4.0
4.7538 3.585001 0.731502 4.0
2.005299 2.852703 1.2422 4.0
1.748498 -1.8164 0.103502 1.0
0.002502 1.021198 0.723496 0.0
0.756297 2.458401 1.521003 4.0
0.245599 4.482003 0.107603 4.0
5.258303 -1.5465 0.150896 2.0
6.251999 2.388998 1.5236 4.0
5.507099 1.1959 0.844096 3.0
1.003999 0.075597 0.061303 0.0
1.996704 -1.6225 0.318301 1.0
1.754402 1.242098 0.874599 0.0
5.250203 2.010204 1.408904 3.0
2.008503 3.023098 1.121498 4.0
4.757397 3.961796 0.464602 4.0
1.002102 0.302998 0.221701 0.0
5.001399 0.048999 0.376204 2.0
2.507299 1.775198 1.249898 0.0
2.510196 4.3954 0.158902 4.0
2.7502 2.122003 1.490304 0.0
0.256604 4.033199 0.417002 4.0
4.504004 2.806104 1.276496 4.0
3.005403 0.974804 1.185501 1.0
3.250798 -1.643997 1.399104 1.0
5.243804 -1.760504 0.163003 2.0
1.245302 1.025701 0.723898 0.0
1.001504 1.7273 1.2118 0.0
1.999199 -0.931496 0.3159 1.0
1.253598 1.470302 1.038799 0.0
4.753099 0.653101 0.590499 2.0
4.248801 4.564804 0.042002 4.0
2.755497 3.446296 0.826598 4.0
5.252997 0.9439 0.6706 3.0
5.506099 -0.724703 0.019898 2.0
4.504303 2.471397 1.507999 4.0
4.245998 2.641202 1.3922 4.0
2.245397 3.240204 0.971899 4.0
1.004503 4.421596 0.142198 4.0
5.004603 2.294799 1.605102 3.0
3.996801 0.2794 1.239799 2.0
3.4985 -0.500899 1.5952 1.0
4.500296 -1.287896 0.809501 2.0
4.501603 3.375602 0.876196 4.0
4.245297 2.024703 1.416901 3.0
0.504802 1.647002 1.158502 0.0
4.7565 3.478499 0.811697 4.0
2.999696 -1.283 1.182101 1.0
3.753704 4.352697 0.197402 4.0
2.253497 4.190402 0.316703 4.0
3.250397 0.362004 1.395703 1.0
5.505099 3.521698 0.774402 4.0
4.504004 2.806104 1.276496 4.0
3.256002 -1.862803 1.398702 1.0
2.505804 2.001403 1.406999 0.0
2.256402 2.311998 1.610502 4.0
3.506301 4.297297 0.235799 4.0
2.754899 -0.826497 0.966098 1.0
3.010402 4.588104 0.027203 4.0
0.506399 1.212099 0.856101 0.0
5.002997 4.528304 0.073897 4.0
2.498003 -0.721302 0.7483 1.0
2.505804 2.001403 1.406999 0.0
5.753297 3.6012 0.721796 4.0
3.754601 1.862596 1.451001 2.0
2.251002 2.120004 1.482998 0.0
0.005296 0.658903 0.472402 0.0
2.501096 2.9181 1.195601 4.0
2.501703 1.468004 1.038398 0.0
1.006597 4.248698 0.265703 4.0
4.248296 -2.029003 1.019003 2.0
3.750398 -1.321303 1.454196 2.0
4.993402 -0.918996 0.380399 2.0
2.003403 1.1368 0.801196 0.0
4.2535 3.204797 1.003102 4.0
2.4982 -1.278301 0.747001 1.0
5.497 1.928197 1.355597 3.0
4.747802 0.960903 0.674701 3.0
3.2529 2.398396 1.523899 4.0
4.506499 -0.403599 0.802299 2.0
5.503604 3.052302 1.107904 4.0
2.996603 1.812502 1.2763 0.0
1.505598 2.304001 1.613604 0.0
2.502498 2.019201 1.420003 0.0
3.500397 1.836699 1.598096 1.0
6.008501 4.324604 0.210902 4.0
4.248801 4.564804 0.042002 4.0
1.752599 -1.1036 0.108501 1.0
2.504599 -1.023798 0.758604 1.0
4.248296 -2.029003 1.019003 2.0
2.755898 -1.323901 0.970404 1.0
1.748703 0.073598 0.100597 1.0
5.752699 2.907402 1.203196 4.0
1.503299 1.810101 1.268396 0.0
5.253399 -0.757598 0.1622 2.0
1.252103 4.150902 0.333099 4.0
1.254504 1.719397 1.203299 0.0
5.7558 3.289196 0.942601 4.0
3.752397 0.382604 1.455102 2.0
4.499997 4.248296 0.270001 4.0
1.250402 1.290799 0.912902 0.0
5.500503 -1.701097 0.020496 2.0
2.751404 1.9266 1.355196 0.0
5.499802 -0.573797 0.019599 2.0
4.004098 4.287497 0.242199 4.0
0.5088 4.308703 0.226401 4.0
1.755803 4.445896 0.129399 4.0
4.001996 2.463998 1.512501 4.0
0.006296 2.359803 1.605102 4.0
4.505602 -2.0414 0.802196 2.0
4.752996 1.691902 1.1895 3.0
1.756504 4.407704 0.154297 4.0
1.498703 0.281801 0.203998 0.0
0.009902 2.811102 1.267901 4.0
0.501504 0.788098 0.557801 0.0
3.502397 3.663102 0.674701 4.0
0.003502 0.606904 0.432698 0.0
4.750997 4.166999 0.3294 4.0
4.501296 3.1323 1.048104 4.0
3.507301 4.526398 0.073 4.0
5.251399 -0.155196 0.159201 2.0
0.004801 0.131997 0.098 0.0
2.506001 4.043896 0.411303 4.0
6.007501 2.416501 1.533998 4.0
5.007098 2.870996 1.234297 4.0
1.7469 -2.149201 0.100802 1.0
4.755201 1.779197 1.251197 3.0
2.250703 0.365396 0.533399 1.0
4.998503 -0.982701 0.375897 2.0
4.012402 3.690802 0.658296 4.0
5.497 1.928197 1.355597 3.0
5.000997 -1.817801 0.380297 2.0
1.499702 1.653103 1.165901 0.0
3.004797 1.882298 1.326496 0.0
0.506698 2.989896 1.146002 4.0
0.509099 4.003499 0.437696 4.0
1.002102 0.302998 0.221701 0.0
3.010402 4.588104 0.027203 4.0
2.502703 3.044698 1.107101 4.0
2.504001 1.146498 0.804896 0.0
1.503803 1.192901 0.840798 0.0
2.505804 2.001403 1.406999 0.0
3.5022 -1.935 1.596703 1.0
4.758499 3.7711 0.603896 4.0
0.001298 1.315098 0.926103 0.0
3.503704 3.366503 0.885398 4.0
2.999696 -1.283 1.182101 1.0
1.5003 3.880499 0.524299 4.0
3.503003 0.479998 1.592602 1.0
3.508198 2.542399 1.458203 4.0
0.250102 3.137803 1.044703 4.0
4.253602 2.321303 1.608503 4.0
2.505403 2.122003 1.485596 0.0
1.749198 4.310301 0.2257 4.0
3.507301 4.526398 0.073 4.0
6.253101 3.313803 0.918396 4.0
5.515301 4.315 0.224299 4.0
2.506599 0.905298 0.756904 1.0
2.254001 -2.042801 0.5409 1.0
0.753102 1.118003 0.790499 0.0
5.002604 3.061196 1.093302 4.0
3.000396 2.020704 1.419097 0.0
3.2529 2.398396 1.523899 4.0
4.504602 2.3739 1.535502 4.0
5.004304 0.816704 0.580699 3.0
4.758003 3.664999 0.673402 4.0
5.512499 0.155399 0.116498 3.0
1.007297 2.046003 1.434297 0.0
2.254197 -1.350003 0.539004 1.0
1.751796 -1.974397 0.107099 1.0
1.999797 -0.141696 0.317199 1.0
5.505603 4.291897 0.233996 4.0
5.248298 3.538999 0.765397 4.0
5.505296 0.694301 0.493703 3.0
2.7529 2.666801 1.372199 4.0
3.505002 1.355999 1.591201 1.0
1.759101 2.204197 1.536399 0.0
2.752301 2.139801 1.506597 0.0
4.006498 4.011702 0.431399 4.0
5.256603 -0.020003 0.155203 2.0
3.999902 -2.222996 1.233904 2.0
5.502399 -1.761 0.020599 2.0
4.753501 4.168401 0.323598 4.0
0.509099 4.003499 0.437696 4.0
3.000396 2.020704 1.419097 0.0
4.009002 -1.141296 1.229897 2.0
5.2457 1.026197 0.725 3.0
4.501296 1.244704 0.870096 3.0
3.251499 2.857701 1.241303 4.0
4.0032 0.460398 1.238304 2.0
2.002001 0.564098 0.405502 0.0
1.503803 1.192901 0.840798 0.0
3.250499 -1.946304 1.396601 1.0
0.752298 1.699702 1.196498 0.0
5.502297 -0.5087 0.019804 2.0
5.256996 -1.691699 0.156296 2.0
0.507801 2.447397 1.5246 4.0
2.254001 3.787402 0.592302 4.0
5.252698 -2.248603 0.155502 2.0
4.250304 -1.863896 1.015303 2.0
0.501196 3.500602 0.787201 4.0
6.007698 3.215204 0.988099 4.0
0.0061 0.535201 0.385603 0.0
3.252601 -0.619303 1.396096 1.0
2.246303 -0.881897 0.5277 1.0
3.249397 3.862804 0.532604 4.0
0.505502 3.033599 1.114098 4.0
3.498799 3.310804 0.921497 4.0
3.501397 2.186298 1.608204 1.0
6.251298 1.722003 1.206896 3.0
4.998298 -1.398901 0.382604 2.0
2.5043 3.994904 0.448103 4.0
5.259004 3.839299 0.552802 4.0
1.254504 1.719397 1.203299 0.0
2.254898 2.099703 1.470302 0.0
5.001399 0.048999 0.376204 2.0
1.759101 2.204197 1.536399 0.0
4.7491 -0.347002 0.596403 2.0
3.504498 2.190296 1.538697 1.0
6.252503 3.389298 0.870096 4.0
3.251499 -0.051001 1.397404 1.0
4.749997 -0.2986 0.590798 2.0
3.754302 2.784504 1.287501 4.0
6.260799 0.393301 0.283603 3.0
6.255297 4.569999 0.040797 4.0
1.996499 -2.165204 0.311602 1.0
4.999297 2.231402 1.529299 3.0
5.001399 0.048999 0.376204 2.0
6.0041 2.379198 1.531896 4.0
6.257202 4.198604 0.293702 4.0
5.502399 -1.761 0.020599 2.0
0.752504 2.4465 1.528299 4.0
1.005204 0.403998 0.290797 0.0
4.748502 3.777798 0.595301 4.0
2.254197 -1.350003 0.539004 1.0
5.757099 3.6076 0.7152 4.0
3.747604 -1.925004 1.457699 2.0
6.257501 1.514902 1.064397 3.0
2.749003 -2.206002 0.9652 1.0
5.498999 3.788 0.582399 4.0
2.752498 -0.265398 0.969498 1.0
4.750801 1.242602 0.877897 3.0
2.502899 -0.143704 0.752598 1.0
3.752098 1.181802 1.4503 2.0
3.003703 -0.753104 1.183203 1.0
4.507499 2.439399 1.534904 4.0
4.006097 2.807496 1.274104 4.0
3.495903 4.499604 0.094898 4.0
1.003299 3.064101 1.091704 4.0
4.744897 -1.503404 0.595497 2.0
3.999902 -2.222996 1.233904 2.0
4.503697 2.496696 1.499403 4.0
3.754396 0.411799 1.453103 2.0
5.002698 -1.7289 0.376204 2.0
1.008399 4.550997 0.056296 4.0
5.002296 1.150496 0.810099 3.0
3.261197 2.832804 1.259596 4.0
5.507099 1.1959 0.844096 3.0
2.506001 4.043896 0.411303 4.0
1.745704 1.502898 1.056298 0.0
2.501797 4.3194 0.218796 4.0
1.250701 -0.106896 0.0105 0.0
5.748504 0.150298 0.118403 3.0
1.759503 -0.864399 0.114798 1.0
6.253503 2.150797 1.512501 3.0
1.503803 1.192901 0.840798 0.0
3.5022 -1.935 1.596703 1.0
2.254197 -1.350003 0.539004 1.0
0.503503 -0.031298 0.055202 0.0
5.496 2.579198 1.431896 4.0
6.012798 2.127403 1.489501 3.0
2.995996 -1.979703 1.182802 1.0
3.0046 -0.383998 1.182502 1.0
3.755601 -0.652403 1.453803 2.0
0.504297 1.354999 0.957297 0.0
4.247801 1.9202 1.350804 3.0
5.003996 4.161104 0.333996 4.0
3.507796 3.6941 0.654503 4.0
5.4987 -1.335401 0.020701 2.0
5.0055 -1.555198 0.372701 2.0
2.243697 -0.940501 0.534099 1.0
3.261197 2.832804 1.259596 4.0
1.755701 3.474603 0.811304 4.0
1.509297 2.859299 1.236997 4.0
2.503403 0.026204 0.7517 1.0
3.003096 -1.756702 1.178803 1.0
4.501697 -1.594398 0.808604 2.0
6.253802 3.720997 0.638799 4.0
3.253396 1.025599 1.391004 1.0
0.503802 0.6973 0.493797 0.0
6.252597 2.592997 1.420703 4.0
5.250203 2.010204 1.408904 3.0
2.251301 3.267596 0.948599 4.0
3.748996 -1.632898 1.456802 2.0
4.501697 -1.594398 0.808604 2.0
1.508298 0.263798 0.196599 0.0
5.003603 0.655203 0.4703 3.0
4.257302 4.113496 0.3605 4.0
5.250998 2.437904 1.529 4.0
3.2556 -1.495603 1.400001 1.0
0.002297 0.0335 0.034603 0.0
4.756303 3.466298 0.818302 4.0
2.748602 0.228998 0.960604 1.0
1.503197 0.194001 0.144898 0.0
4.496998 1.592098 1.121404 3.0
1.005298 3.602499 0.716003 4.0
4.5079 -0.031401 0.802 2.0
4.504004 2.806104 1.276496 4.0
5.254501 2.190698 1.535698 3.0
1.752402 -0.030102 0.110303 1.0
4.004704 -0.154999 1.230802 2.0
5.251997 -0.966698 0.160696 2.0
3.502397 3.663102 0.674701 4.0
4.504397 2.205001 1.539697 3.0
3.748501 -2.124902 1.454 2.0
2.252403 -0.697704 0.541704 1.0
5.004603 2.294799 1.605102 3.0
2.004898 -0.864801 0.324102 1.0
2.252002 2.390698 1.531503 4.0
4.252099 -1.446603 1.021198 2.0
2.745799 -0.3996 0.958596 1.0
0.259603 1.718397 1.209698 0.0
0.510996 3.773697 0.603204 4.0
0.250504 4.248698 0.267096 4.0
6.254203 1.687296 1.181597 3.0
0.7466 0.249598 0.183902 0.0
6.001298 3.978303 0.459697 4.0
4.254303 2.536102 1.4611 4.0
4.996204 4.173501 0.3196 4.0
3.508198 2.542399 1.458203 4.0
0.252998 1.274104 0.897104 0.0
1.753804 -1.323704 0.104903 1.0
2.252403 -0.697704 0.541704 1.0
5.7558 3.289196 0.942601 4.0
0.756297 2.458401 1.521003 4.0
5.503997 -0.426898 0.015797 2.0
3.001097 2.594996 1.4209 4.0
0.500897 -0.061997 0.041498 0.0
0.002904 3.509599 0.780802 4.0
2.499302 0.123196 0.747403 1.0
3.257497 4.352799 0.197803 4.0
4.512301 4.107302 0.363704 4.0
4.255004 4.134703 0.353699 4.0
3.757096 2.320397 1.606196 4.0
6.004801 1.053504 0.738696 3.0
0.502999 0.753802 0.537696 0.0
4.755397 -0.299899 0.5865 2.0
2.745902 4.527398 0.073803 4.0
1.2537 0.963799 0.681596 0.0
0.247804 2.241501 1.531401 0.0
3.256702 2.066304 1.451197 0.0
5.509004 4.390299 0.1642 4.0
3.504003 0.432997 1.592696 1.0
2.504804 2.899602 1.207297 4.0
3.512 3.857404 0.536799 4.0
4.503902 2.186204 1.532597 3.0
1.000701 4.160198 0.331203 4.0
4.2542 1.668499 1.172301 3.0
0.75 1.474796 1.032203 0.0
4.249501 1.705102 1.195302 3.0
2.7529 2.666801 1.372199 4.0
2.997303 -1.343296 1.1743 1.0
5.501502 -0.633204 0.015703 2.0
0.753298 1.727197 1.2135 0.0
3.254199 3.800304 0.579904 4.0
4.753201 -0.737297 0.591396 2.0
1.508998 1.521703 1.074804 0.0
5.505603 4.291897 0.233996 4.0
3.256002 -1.862803 1.398702 1.0
5.499597 -1.031103 0.020402 2.0
5.496299 -1.079198 0.026896 2.0
4.746298 0.827102 0.598197 3.0
0.755101 3.040101 1.111202 4.0
4.001201 2.161904 1.516602 3.0
0.000896 0.634698 0.455998 0.0
0.0061 0.535201 0.385603 0.0
2.253001 3.735198 0.625402 4.0
3.256096 3.030497 1.115201 4.0
2.498704 -0.969799 0.747898 1.0
1.749096 -1.833402 0.1034 1.0
3.996297 -0.373096 1.237296 2.0
1.753804 -1.323704 0.104903 1.0
4.508302 4.158199 0.329699 4.0
3.500901 1.320199 1.597096 1.0
2.004701 2.513596 1.478803 4.0
6.0051 4.600202 0.022299 4.0
0.506698 2.989896 1.146002 4.0
4.256003 0.193301 1.019498 2.0
5.999598 2.424798 1.531802 4.0
5.500298 1.305196 0.918003 3.0
2.497303 -2.207497 0.749599 1.0
5.249998 0.929204 0.658997 3.0
5.499802 -0.573797 0.019599 2.0
4.752697 0.880298 0.624897 3.0
4.999502 -0.274702 0.3784 2.0
4.262403 3.071799 1.093302 4.0
5.753904 0.538499 0.379203 3.0
4.755602 3.412402 0.851897 4.0
3.257497 4.352799 0.197803 4.0
3.254199 3.800304 0.579904 4.0
5.499802 -0.573797 0.019599 2.0
3.753901 -1.456599 1.447899 2.0
0.7571 4.558704 0.055296 4.0
1.255999 1.3459 0.948497 0.0
6.004502 1.375497 0.9733 3.0
2.745902 4.527398 0.073803 4.0
1.997396 -1.179104 0.316003 1.0
2.002796 3.561599 0.745899 4.0
6.002998 0.863602 0.610996 3.0
1.754197 0.9351 0.655699 0.0
0.757297 0.050802 0.047402 0.0
5.245 1.076299 0.761398 3.0
2.501096 2.9181 1.195601 4.0
5.759799 3.067596 1.095301 4.0
3.501098 -1.939204 1.594396 1.0
0.506801 3.0968 1.073001 4.0
5.508799 3.498304 0.788799 4.0
2.257402 -1.988897 0.542302 1.0
1.754 -0.6567 0.107902 1.0
5.002501 0.931203 0.657399 3.0
1.750198 2.420696 1.532503 4.0
3.254601 2.206803 1.540697 0.0
4.7545 4.532601 0.066797 4.0
5.250203 2.010204 1.408904 3.0
5.507099 1.1959 0.844096 3.0
4.2508 -0.380102 1.026598 2.0
6.006997 1.219003 0.858203 3.0
1.001402 0.491498 0.347701 0.0
5.496598 3.615896 0.707399 4.0
3.502003 4.200697 0.301204 4.0
4.759396 1.915202 1.347404 3.0
4.501996 3.321202 0.921002 4.0
1.006597 4.248698 0.265703 4.0
4.999998 -0.4658 0.3811 2.0
4.753996 -0.454103 0.588602 2.0
2.750499 1.738501 1.2226 0.0
6.256203 2.226797 1.526403 3.0
5.497897 0.006903 0.013302 3.0
5.508799 3.498304 0.788799 4.0
2.506804 4.331396 0.207903 4.0
3.4985 -0.500899 1.5952 1.0
6.2578 2.992399 1.148198 4.0
4.505901 -0.617697 0.806297 2.0
2.745799 -0.3996 0.958596 1.0
6.250196 0.553699 0.390704 3.0
2.7563 3.714598 0.632698 4.0
2.251002 2.120004 1.482998 0.0
3.752303 0.464901 1.449301 2.0
5.504202 -2.214897 0.023803 2.0
3.750099 -1.994501 1.4523 2.0
4.002696 -0.687399 1.235604 2.0
2.001796 -0.711904 0.317096 1.0
3.255899 3.287999 0.942097 4.0
2.251301 3.267596 0.948599 4.0
4.502603 -1.027096 0.804699 2.0
0.250803 0.362696 0.261098 0.0
3.998997 4.438898 0.136799 4.0
4.748699 -2.160001 0.5946 2.0
4.253397 2.157102 1.509699 3.0
0.758698 0.4098 0.298 0.0
6.000802 0.484501 0.345104 3.0
2.501703 1.468004 1.038398 0.0
1.000701 4.160198 0.331203 4.0
2.254001 -2.042801 0.5409 1.0
2.758701 2.621901 1.401001 4.0
3.752798 4.176902 0.314302 4.0
4.002901 -1.501703 1.233801 2.0
2.001497 1.064397 0.754204 0.0
4.254901 4.353201 0.198103 4.0
4.244802 -1.584496 1.026897 2.0
4.000201 4.216 0.289798 4.0
0.501999 1.219199 0.854204 0.0
2.753498 3.9248 0.4973 4.0
5.0048 2.2604 1.606503 3.0
2.755001 -2.150901 0.967003 1.0
3.5103 3.755396 0.614397 4.0
1.754 -0.6567 0.107902 1.0
4.257302 4.113496 0.3605 4.0
4.7545 4.387796 0.176503 4.0
3.251302 -1.882001 1.399001 1.0
1.508298 0.263798 0.196599 0.0
2.996201 -2.131797 1.1753 1.0
0.999103 2.958197 1.168396 4.0
5.251596 1.908102 1.339099 3.0
3.002396 -0.826198 1.182203 1.0
0.7571 4.558704 0.055296 4.0
6.25 0.759399 0.534996 3.0
1.258297 1.460698 1.024001 0.0
4.000398 -1.884197 1.239304 2.0
6.249504 1.549002 1.088799 3.0
3.002199 2.539502 1.463398 4.0
4.754304 0.306997 0.590798 2.0
2.251404 3.242998 0.970301 4.0
1.999498 -1.430198 0.318403 1.0
1.751403 0.864098 0.610996 0.0
3.253703 1.652599 1.3942 1.0
4.757098 0.175102 0.5892 2.0
5.251203 2.428104 1.538398 4.0
4.499604 -1.400396 0.806801 2.0
4.252799 -0.761904 1.022497 2.0
2.245397 3.240204 0.971899 4.0
5.508696 0.919404 0.648402 3.0
6.006997 1.219003 0.858203 3.0
3.003002 4.604602 0.017002 4.0
6.005997 2.627301 1.3922 4.0
2.9985 -1.366997 1.183904 1.0
2.507803 -0.160596 0.753802 1.0
3.0036 2.433401 1.5307 4.0
4.256601 -0.3932 1.015499 2.0
3.751004 1.736297 1.455196 2.0
3.006104 0.877598 1.1814 1.0
1.752804 3.0617 1.096404 4.0
3.247201 -1.806497 1.392004 1.0
0.2544 -0.086997 0.020496 0.0
5.752699 2.907402 1.203196 4.0
6.007698 3.215204 0.988099 4.0
2.003197 -0.718397 0.317899 1.0
4.258601 0.413602 1.015098 2.0
3.254096 4.049304 0.407604 4.0
3.000499 -1.226703 1.182998 1.0
4.2508 -0.380102 1.026598 2.0
5.250998 2.437904 1.529 4.0
6.012798 2.127403 1.489501 3.0
2.003804 3.5826 0.7287 4.0
2.000797 1.752197 1.227701 0.0
4.502603 -1.027096 0.804699 2.0
2.503403 0.026204 0.7517 1.0
3.261504 3.499697 0.784903 4.0
4.500296 -1.287896 0.809501 2.0
4.252799 -0.341201 1.0216 2.0
0.759296 1.196301 0.838901 0.0
1.247899 0.512602 0.366404 0.0
4.256798 -1.242501 1.015004 2.0
3.501901 -0.380803 1.601497 1.0
4.506397 0.032398 0.799197 2.0
5.501502 -0.633204 0.015703 2.0
1.751403 0.864098 0.610996 0.0
4.499296 2.081197 1.461997 3.0
1.498301 0.002203 0.006604 0.0
5.756398 4.551902 0.055296 4.0
3.002797 3.056198 1.098403 4.0
2.501797 4.3194 0.218796 4.0
5.509696 4.202996 0.299999 4.0
2.251002 2.120004 1.482998 0.0
3.502397 3.663102 0.674701 4.0
0.507501 3.210803 0.989799 4.0
2.003599 1.178803 0.8294 0.0
5.755604 1.677496 1.183203 3.0
2.499798 -1.097004 0.747403 1.0
4.755201 1.779197 1.251197 3.0
5.007098 2.870996 1.234297 4.0
5.502698 1.807102 1.267397 3.0
3.0036 2.433401 1.5307 4.0
0.751401 0.1919 0.1392 0.0
2.004001 3.519502 0.780699 4.0
2.008102 -1.996697 0.326503 1.0
1.750198 2.420696 1.532503 4.0
4.256601 -0.3932 1.015499 2.0
5.251596 1.908102 1.339099 3.0
2.4982 -1.278301 0.747001 1.0
1.006597 4.248698 0.265703 4.0
2.0114 -2.072603 0.328597 1.0
0.251503 1.664501 1.170601 0.0
3.250004 2.324199 1.604 4.0
4.006003 3.936898 0.487303 4.0
3.252003 3.222099 0.987603 4.0
0.001298 1.315098 0.926103 0.0
2.504001 1.146498 0.804896 0.0
2.499499 1.274198 0.898898 0.0
5.9953 2.352497 1.6023 4.0
1.000701 2.516399 1.4797 4.0
2.254001 3.787402 0.592302 4.0
5.251997 -0.966698 0.160696 2.0
2.755001 -2.150901 0.967003 1.0
4.003499 2.943698 1.176804 4.0
2.250498 -0.940202 0.534902 1.0
0.757801 3.470296 0.8152 4.0
4.752501 1.418097 0.995002 3.0
5.2457 1.026197 0.725 3.0
3.506301 4.297297 0.235799 4.0
2.7529 2.666801 1.372199 4.0
3.009197 0.019198 1.187697 1.0
1.754402 1.242098 0.874599 0.0
2.752301 2.139801 1.506597 0.0
5.500101 -1.712897 0.022197 2.0
1.003401 -0.117098 0.001503 0.0
5.009798 0.597702 0.430297 3.0
3.257899 3.993802 0.4473 4.0
5.500802 2.245397 1.533503 3.0
1.499403 2.232598 1.523703 0.0
6.0041 2.379198 1.531896 4.0
3.999603 0.541601 1.234203 2.0
0.506203 3.020697 1.125599 4.0
0.749402 2.189399 1.531896 0.0
3.252097 1.355196 1.401402 1.0
2.499499 1.274198 0.898898 0.0
0.0061 0.535201 0.385603 0.0
2.751404 1.9266 1.355196 0.0
5.003697 4.3339 0.2061 4.0
4.749997 -0.2986 0.590798 2.0
1.251599 3.184898 1.014696 4.0
3.253396 1.025599 1.391004 1.0
6.251503 0.081997 0.067096 3.0
5.255996 3.827799 0.559501 4.0
6.003203 4.405303 0.154699 4.0
5.004603 2.294799 1.605102 3.0
3.002703 3.495501 0.791396 4.0
6.000802 0.484501 0.345104 3.0
2.507 3.098696 1.067798 4.0
4.758798 4.028098 0.421702 4.0
5.248802 2.9779 1.151701 4.0
4.506397 0.032398 0.799197 2.0
2.257402 -1.988897 0.542302 1.0
1.7452 3.609403 0.708202 4.0
3.751397 -1.2472 1.449301 2.0
0.750897 1.648199 1.157904 0.0
5.507304 3.803499 0.575897 4.0
5.753801 4.235002 0.276401 4.0
3.508796 1.344601 1.593602 1.0
6.002597 0.869703 0.616798 3.0
3.252302 4.431798 0.143497 4.0
4.251697 4.094597 0.375504 4.0
0.503699 3.195398 1.008502 4.0
2.499499 -1.822902 0.751598 1.0
3.005198 -0.152103 1.186903 1.0
1.997798 -0.562596 0.318301 1.0
3.498799 3.310804 0.921497 4.0
1.755803 4.445896 0.129399 4.0
2.500601 -0.811699 0.7517 1.0
4.244802 -1.584496 1.026897 2.0
2.500302 -1.7637 0.747702 1.0
4.005302 1.046497 1.233101 2.0
6.012798 2.127403 1.489501 3.0
1.506298 0.047103 0.044898 0.0
3.997698 -1.337802 1.244097 2.0
0.000597 0.204203 0.148803 0.0
0.007996 0.300897 0.220198 0.0
3.7569 3.643699 0.691798 4.0
4.246998 -1.079198 1.026598 2.0
2.250002 -0.540398 0.541798 1.0
2.756796 1.065799 0.972198 1.0
6.0041 2.379198 1.531896 4.0
3.257001 -0.377701 1.403504 1.0
1.005298 3.602499 0.716003 4.0
3.002601 1.238902 1.182802 1.0
4.750502 0.022103 0.592703 2.0
2.249703 1.204401 0.851803 0.0
5.258799 3.704601 0.648197 4.0
3.002396 -0.826198 1.182203 1.0
4.751903 3.397398 0.861603 4.0
6.0034 1.877804 1.313996 3.0
2.4982 -1.278301 0.747001 1.0
5.254902 -1.344304 0.158398 2.0
4.507499 2.439399 1.534904 4.0
1.255401 3.206899 0.994703 4.0
1.755 -1.3759 0.1112 1.0
6.2551 -0.047002 0.047 3.0
3.5022 -1.935 1.596703 1.0
5.255304 1.493798 1.052299 3.0
2.753703 -1.547901 0.970002 1.0
4.255303 1.201496 1.015397 2.0
5.499298 -0.690603 0.019702 2.0
4.506696 3.422697 0.841601 4.0
5.503203 0.878999 0.624496 3.0
4.749997 -0.2986 0.590798 2.0
5.006901 0.857904 0.603298 3.0
3.005104 -0.690697 1.183297 1.0
4.001201 2.161904 1.516602 3.0
0.501999 1.219199 0.854204 0.0
5.250998 2.437904 1.529 4.0
2.2543 3.099901 1.075898 4.0
1.005896 4.480696 0.103699 4.0
2.510196 4.3954 0.158902 4.0
0.008902 4.259301 0.258603 4.0
0.503298 1.197301 0.840696 0.0
4.7511 -0.239902 0.593899 2.0
5.247102 -1.852396 0.167797 2.0
1.506298 0.047103 0.044898 0.0
2.247499 -1.348098 0.531698 1.0
3.508796 1.344601 1.593602 1.0
3.252302 0.037098 1.391799 1.0
5.755698 0.638004 0.455101 3.0
3.249397 3.862804 0.532604 4.0
5.004603 2.294799 1.605102 3.0
1.5023 3.032497 1.113902 4.0
3.002097 1.8854 1.328701 0.0
2.997098 1.536698 1.1753 1.0
4.7528 1.3405 0.938098 3.0
0.253502 0.256903 0.184201 0.0
3.7515 -1.127404 1.452103 2.0
3.250397 0.362004 1.395703 1.0
1.005503 0.124504 0.096701 0.0
4.508498 4.468504 0.116498 4.0
3.260701 2.027497 1.4226 0.0
2.007196 2.723397 1.333502 4.0
4.2508 -0.380102 1.026598 2.0
6.002298 1.6611 1.1689 3.0
2.255804 3.683403 0.664696 4.0
6.001896 0.946104 0.663303 3.0
3.760104 2.565399 1.445396 4.0
3.503302 2.237699 1.6023 1.0
5.496 2.579198 1.431896 4.0
5.507697 2.025301 1.4209 3.0
3.253097 2.6803 1.362698 4.0
3.5005 -0.562801 1.598498 1.0
2.495602 -1.258701 0.744002 1.0
5.4987 -1.335401 0.020701 2.0
4.507601 0.598599 0.798898 2.0
4.253901 2.947397 1.175898 4.0
3.252003 3.222099 0.987603 4.0
5.2457 1.026197 0.725 3.0
2.248003 0.995301 0.7044 0.0
6.252597 2.592997 1.420703 4.0
2.256402 2.311998 1.610502 4.0
3.754798 4.204397 0.298701 4.0
4.500604 2.051198 1.4422 3.0
3.7505 -0.711801 1.453197 2.0
3.752303 0.464901 1.449301 2.0
3.004301 4.0873 0.381801 4.0
2.2533 3.0438 1.105503 4.0
4.751698 0.207501 0.5909 2.0
3.257001 -0.377701 1.403504 1.0
5.006303 2.139698 1.503701 3.0
4.004798 1.476701 1.233596 2.0
5.249904 3.788299 0.588901 4.0
4.502099 -0.776198 0.806904 2.0
0.755101 3.040101 1.111202 4.0
2.2533 3.0438 1.105503 4.0
1.250804 1.169003 0.828802 0.0
2.249097 3.374004 0.881699 4.0
2.755403 2.2857 1.603897 0.0
4.247997 -0.759802 1.017601 2.0
2.258102 4.594401 0.028502 4.0
3.249799 -1.019603 1.393704 1.0
5.504399 0.9243 0.649496 3.0
5.250801 3.0063 1.136903 4.0
5.509901 3.467998 0.813799 4.0
6.253503 2.150797 1.512501 3.0
2.751302 2.861196 1.237202 4.0
4.501296 3.1323 1.048104 4.0
6.007501 2.416501 1.533998 4.0
0.999402 0.858801 0.607698 0.0
0.754503 0.224598 0.164499 0.0
5.755202 1.376804 0.965696 3.0
2.749499 4.043896 0.410099 4.0
3.0073 3.704302 0.647497 4.0
3.503003 0.479998 1.592602 1.0
4.748699 -2.160001 0.5946 2.0
3.2593 2.947098 1.175402 4.0
2.003898 2.650798 1.381597 4.0
2.0033 1.110202 0.781998 0.0
5.754203 3.965897 0.4669 4.0
2.505804 2.001403 1.406999 0.0
5.753596 0.428597 0.308202 3.0
5.747402 1.6834 1.185604 3.0
4.005302 1.046497 1.233101 2.0
1.251001 1.295097 0.912603 0.0
5.252203 1.401496 0.990098 3.0
3.5039 -1.926302 1.598797 1.0
0.253297 0.904102 0.635304 0.0
5.754801 0.885099 0.6287 3.0
3.005198 -0.152103 1.186903 1.0
5.749896 3.466204 0.812398 4.0
5.504296 0.262798 0.194599 3.0
3.008001 3.567998 0.745198 4.0
2.002898 -2.0279 0.325598 1.0
1.254504 3.625201 0.702401 4.0
4.000697 2.163698 1.517201 3.0
4.753304 -0.834503 0.588201 2.0
4.748502 3.777798 0.595301 4.0
3.502901 -1.931497 1.591303 1.0
4.755303 3.601397 0.721702 4.0
0.512799 1.942902 1.361903 0.0
2.502703 3.044698 1.107101 4.0
5.001297 3.635001 0.699103 4.0
1.259203 4.129004 0.350504 4.0
3.4968 0.224196 1.598096 1.0
4.246998 -1.079198 1.026598 2.0
5.2558 0.378904 0.271496 3.0
5.249597 4.331302 0.206997 4.0
5.251997 0.816601 0.580203 3.0
1.251103 2.398601 1.528701 4.0
5.2504 2.565801 1.441696 4.0
4.248501 3.944203 0.476999 4.0
4.753099 0.653101 0.590499 2.0
1.507298 4.566103 0.046 4.0
1.498198 2.846697 1.245003 4.0
4.752296 -1.499397 0.591199 2.0
5.008004 0.763799 0.538303 3.0
0.253904 3.943699 0.481903 4.0
3.002097 1.8854 1.328701 0.0
2.7563 3.714598 0.632698 4.0
3.503704 3.366503 0.885398 4.0
2.754104 -0.130196 0.962902 1.0
5.252502 2.8894 1.212398 4.0
3.250004 2.324199 1.604 4.0
2.001198 2.363998 1.536203 4.0
5.2504 2.565801 1.441696 4.0
0.996796 1.254504 0.8814 0.0
2.996201 -2.131797 1.1753 1.0
0.253699 2.492997 1.490697 4.0
3.749603 1.471703 1.451701 2.0
5.755997 1.040799 0.737902 3.0
1.754 -0.6567 0.107902 1.0
6.249803 1.773797 1.2459 3.0
6.253298 0.471001 0.339302 3.0
4.751698 0.207501 0.5909 2.0
2.252702 3.861001 0.537303 4.0
1.749497 3.878098 0.528597 4.0
3.505601 -1.015698 1.588698 1.0
6.001204 3.038896 1.111501 4.0
0.506698 2.989896 1.146002 4.0
1.7506 0.124102 0.102597 0.0
3.254797 2.093398 1.468397 0.0
0.250401 2.626797 1.400403 4.0
2.247601 -1.547901 0.533202 1.0
1.248796 3.655601 0.677298 4.0
5.009798 3.212196 0.996899 4.0
3.004002 0.343198 1.184698 1.0
1.995499 1.391004 0.977999 0.0
4.248801 4.564804 0.042002 4.0
4.505901 -0.617697 0.806297 2.0
2.256 1.091602 0.775504 0.0
0.753597 2.435503 1.527701 4.0
3.5086 3.496399 0.801401 4.0
1.247002 2.640903 1.391303 4.0
4.251304 -0.885802 1.022002 2.0
2.004496 1.857999 1.308998 0.0
4.250202 2.212502 1.532101 3.0
0.004203 4.231704 0.275102 4.0
6.001896 0.946104 0.663303 3.0
3.005899 2.653899 1.3797 4.0
0.2524 0.191404 0.138798 0.0
2.756497 2.835999 1.252897 4.0
4.759396 1.915202 1.347404 3.0
5.255603 -0.848601 0.150802 2.0
2.501797 4.3194 0.218796 4.0
3.753499 3.869699 0.534501 4.0
0.998198 0.171804 0.127597 0.0
1.001803 0.6054 0.429699 0.0
2.4982 -1.278301 0.747001 1.0
5.754502 3.618297 0.708997 4.0
1.504504 4.584302 0.033603 4.0
4.997503 1.118302 0.790499 3.0
2.256598 2.734 1.321797 4.0
1.251001 1.295097 0.912603 0.0
5.505501 4.455798 0.126999 4.0
5.243804 -1.760504 0.163003 2.0
0.004399 4.444102 0.129502 4.0
3.261504 3.499697 0.784903 4.0
2.758103 4.3498 0.197496 4.0
4.509797 1.628299 1.142396 3.0
3.257198 4.489599 0.104399 4.0
5.255603 -0.848601 0.150802 2.0
0.007202 1.762399 1.240201 0.0
0.7581 2.255599 1.534998 0.0
3.498099 -1.159401 1.597301 1.0
4.499997 4.248296 0.270001 4.0
5.251596 1.908102 1.339099 3.0
1.006597 4.248698 0.265703 4.0
1.7479 -2.167904 0.103699 1.0
0.504998 3.081104 1.0831 4.0
3.2556 -1.495603 1.400001 1.0
2.754002 0.166498 0.966602 1.0
3.250798 -1.643997 1.399104 1.0
5.7568 0.021898 0.020001 3.0
6.260799 0.393301 0.283603 3.0
4.001996 2.463998 1.512501 4.0
3.504404 0.107398 1.5871 1.0
4.999801 -1.591801 0.377101 2.0
4.257003 -1.657104 1.014901 2.0
4.501996 3.321202 0.921002 4.0
4.252902 4.3339 0.210799 4.0
5.0048 2.2604 1.606503 3.0
1.001598 2.743296 1.320003 4.0
3.751303 0.724599 1.447199 2.0
4.496998 1.592098 1.121404 3.0
4.503201 -1.984001 0.807801 2.0
1.498198 2.846697 1.245003 4.0
6.0034 1.877804 1.313996 3.0
4.000201 4.216 0.289798 4.0
3.502798 -1.017996 1.594097 1.0
3.251499 2.857701 1.241303 4.0
4.500698 0.518703 0.8081 2.0
1.251599 3.184898 1.014696 4.0
4.501902 -0.858504 0.804999 2.0
0.003502 0.606904 0.432698 0.0
2.756898 4.622801 0.084996 4.0
5.752297 0.866097 0.609202 3.0
4.759798 1.878197 1.321096 3.0
3.001704 0.8145 1.180896 1.0
5.008004 0.763799 0.538303 3.0
4.7565 3.478499 0.811697 4.0
5.252203 1.401496 0.990098 3.0
1.749096 -1.833402 0.1034 1.0
4.511002 -0.911904 0.8 2.0
3.9988 -0.305803 1.240602 2.0
3.000798 -1.616998 1.179196 1.0
2.501301 2.5624 1.447404 4.0
0.759296 1.196301 0.838901 0.0
4.755602 3.412402 0.851897 4.0
5.756398 4.551902 0.055296 4.0
1.259203 4.129004 0.350504 4.0
3.003498 1.058297 1.178401 1.0
0.754503 4.440402 0.132099 4.0
1.2537 0.963799 0.681596 0.0
2.260298 4.249997 0.265396 4.0
2.502002 -1.988504 0.749898 1.0
5.755202 1.376804 0.965696 3.0
3.498697 2.548901 1.452197 4.0
1.755701 3.474603 0.811304 4.0
6.255297 4.569999 0.040797 4.0
2.513101 0.719899 0.755904 1.0
0.001298 1.315098 0.926103 0.0
5.257799 -1.615596 0.152597 2.0
2.498704 -0.969799 0.747898 1.0
3.503499 2.398704 1.529299 4.0
1.254196 1.693901 1.186604 0.0
4.000902 0.1149 1.240696 2.0
3.506301 4.297297 0.235799 4.0
4.2542 1.668499 1.172301 3.0
1.753001 2.439399 1.531802 4.0
4.998503 -0.982701 0.375897 2.0
3.748501 -2.124902 1.454 2.0
3.253097 2.6803 1.362698 4.0
5.004603 2.294799 1.605102 3.0
4.752501 1.418097 0.995002 3.0
3.253003 0.403699 1.3993 1.0
6.249504 1.549002 1.088799 3.0
3.504498 2.190296 1.538697 1.0
3.249799 1.244097 1.395396 1.0
0.255698 3.717204 0.641097 4.0
4.759798 1.878197 1.321096 3.0
1.504897 3.1296 1.044097 4.0
5.500904 2.901097 1.2101 4.0
6.248299 3.9407 0.4855 4.0
3.498697 2.548901 1.452197 4.0
3.499603 -0.826198 1.5932 1.0
3.249004 -0.366398 1.400001 1.0
6.007903 4.4214 0.145197 4.0
2.001301 1.856999 1.3013 0.0
4.508704 1.3317 0.937304 3.0
4.749698 0.941097 0.6652 3.0
2.753498 3.9248 0.4973 4.0
2.499499 -1.822902 0.751598 1.0
3.507096 3.756601 0.609501 4.0
4.254602 -1.928797 1.0189 2.0
4.744897 -1.503404 0.595497 2.0
2.250498 -0.940202 0.534902 1.0
4.0015 -0.986204 1.238996 2.0
1.253598 1.470302 1.038799 0.0
4.003798 0.9412 1.237501 2.0
3.998501 -0.037202 1.243302 2.0
4.003901 1.047104 1.235698 2.0
1.002102 0.302998 0.221701 0.0
0.259799 2.912401 1.1959 4.0
4.002901 -1.501703 1.233801 2.0
5.501998 0.125196 0.098196 3.0
1.751198 1.315201 0.926496 0.0
6.001503 0.307698 0.217096 3.0
6.001204 3.038896 1.111501 4.0
4.507499 2.439399 1.534904 4.0
3.7586 1.449796 1.447096 2.0
4.250501 2.7529 1.309502 4.0
2.2533 3.0438 1.105503 4.0
3.2539 0.000999 1.399899 1.0
3.998501 -0.037202 1.243302 2.0
1.504504 4.584302 0.033603 4.0
5.247102 -1.852396 0.167797 2.0
5.500101 -1.712897 0.022197 2.0
2.0023 -1.656702 0.3223 1.0
0.248103 -0.1074 0.009799 0.0
5.002202 -1.337699 0.373103 2.0
5.2494 -1.524704 0.161098 2.0
0.994797 2.318799 1.610699 4.0
3.499902 -1.893203 1.598703 1.0
0.751196 0.327998 0.2392 0.0
6.2551 -0.047002 0.047 3.0
4.996204 4.173501 0.3196 4.0
3.753901 -1.456599 1.447899 2.0
3.261504 3.499697 0.784903 4.0
1.755299 2.251797 1.539304 0.0
1.749703 -0.2496 0.101802 1.0
4.250902 0.174803 1.021301 2.0
3.0056 1.123001 1.188201 1.0
2.749302 4.544196 0.063601 4.0
6.256903 4.4545 0.126597 4.0
4.009002 -1.141296 1.229897 2.0
1.499301 4.567196 0.046599 4.0
3.005104 -0.690697 1.183297 1.0
2.250498 2.147396 1.504299 0.0
1.998097 2.845697 1.2449 4.0
5.751998 0.258202 0.1855 3.0
2.996201 -2.131797 1.1753 1.0
4.752697 0.880298 0.624897 3.0
5.000399 0.044804 0.3794 2.0
3.507301 4.526398 0.073 4.0
1.255999 3.210496 0.985903 4.0
3.751602 -1.270099 1.4476 2.0
5.252203 1.401496 0.990098 3.0
2.754002 0.166498 0.966602 1.0
1.998003 -2.277704 0.318403 1.0
4.504303 2.471397 1.507999 4.0
2.503497 -0.153197 0.756203 1.0
5.757099 3.6076 0.7152 4.0
0.254699 0.419702 0.303297 0.0
3.504498 2.190296 1.538697 1.0
2.748798 0.1051 0.965798 1.0
2.502002 -1.460803 0.745002 1.0
6.255699 2.206299 1.532597 3.0
0.243403 0.497001 0.357903 0.0
2.005496 2.889699 1.213201 4.0
0.245599 4.482003 0.107603 4.0
6.2551 -0.047002 0.047 3.0
2.256402 2.311998 1.610502 4.0
0.754204 3.563598 0.742703 4.0
3.752798 4.176902 0.314302 4.0
4.503304 2.4945 1.493798 4.0
1.003598 2.8492 1.242004 4.0
2.003599 1.178803 0.8294 0.0
3.754601 1.862596 1.451001 2.0
6.251802 4.324903 0.2142 4.0
5.499597 -1.031103 0.020402 2.0
5.252903 0.213901 0.159398 3.0
3.006899 3.830798 0.563901 4.0
4.255004 4.134703 0.353699 4.0
3.255199 0.515396 1.404401 1.0
1.258502 0.640003 0.456399 0.0
5.748504 0.150298 0.118403 3.0
5.006901 0.857904 0.603298 3.0
1.255204 2.284802 1.608503 0.0
5.758603 3.810001 0.572804 4.0
4.002901 -1.501703 1.233801 2.0
5.509901 3.467998 0.813799 4.0
6.006501 2.476404 1.501402 4.0
3.254498 3.502097 0.790004 4.0
4.751698 0.207501 0.5909 2.0
3.5022 -1.935 1.596703 1.0
4.501902 -0.858504 0.804999 2.0
4.753697 -1.619202 0.584697 2.0
0.0061 0.535201 0.385603 0.0
2.998303 -1.485196 1.176898 1.0
6.005502 2.473704 1.511903 4.0
5.251399 -0.155196 0.159201 2.0
1.003299 3.064101 1.091704 4.0
3.7559 1.548899 1.447002 2.0
3.248304 1.340696 1.394003 1.0
0.512799 1.942902 1.361903 0.0
0.249 0.028502 0.034996 0.0
1.503 0.565704 0.406203 0.0
6.003203 4.405303 0.154699 4.0
3.502499 0.233697 1.598498 1.0
1.249497 2.461298 1.514304 4.0
1.751403 0.864098 0.610996 0.0
5.243804 -1.760504 0.163003 2.0
2.252497 -2.229097 0.531502 1.0
5.509098 4.315103 0.223299 4.0
3.505002 1.355999 1.591201 1.0
3.004002 0.343198 1.184698 1.0
1.506802 0.509603 0.367301 0.0
3.502397 3.663102 0.674701 4.0
4.999101 4.170297 0.320104 4.0
2.757103 2.820902 1.2611 4.0
6.253998 2.900396 1.207699 4.0
1.255204 2.284802 1.608503 0.0
0.754802 2.270004 1.609203 0.0
5.0048 2.2604 1.606503 3.0
0.248103 -0.1074 0.009799 0.0
0.502802 2.093902 1.465697 0.0
0.000597 0.204203 0.148803 0.0
1.7479 -2.167904 0.103699 1.0
3.250602 1.542201 1.397899 1.0
5.755997 1.040799 0.737902 3.0
3.9917 -1.135204 1.245498 2.0
1.252803 2.390399 1.518696 4.0
5.7504 1.566201 1.102803 3.0
4.255004 4.134703 0.353699 4.0
5.252502 2.8894 1.212398 4.0
4.253303 -1.3928 1.022301 2.0
3.498099 -1.159401 1.597301 1.0
6.005502 2.473704 1.511903 4.0
0.752298 1.699702 1.196498 0.0
4.252799 -0.761904 1.022497 2.0
5.251203 2.428104 1.538398 4.0
3.003096 -1.756702 1.178803 1.0
1.499702 1.653103 1.165901 0.0
3.744904 -1.578301 1.457699 2.0
2.505599 4.608302 0.011602 4.0
6.253998 2.900396 1.207699 4.0
1.749198 4.310301 0.2257 4.0
5.506099 -0.724703 0.019898 2.0
1.248796 3.655601 0.677298 4.0
5.757996 0.621796 0.437303 3.0
5.504501 3.995101 0.444403 4.0
1.252598 3.442699 0.827102 4.0
5.009396 0.688602 0.488098 3.0
5.500503 -1.701097 0.020496 2.0
3.753798 0.537303 1.451804 2.0
6.251503 0.081997 0.067096 3.0
1.993201 -0.245003 0.313499 1.0
4.003397 4.262702 0.2571 4.0
2.757599 0.202998 0.974402 1.0
2.254599 0.001699 0.540499 1.0
6.255699 2.206299 1.532597 3.0
3.996801 0.2794 1.239799 2.0
3.7559 1.548899 1.447002 2.0
4.509498 3.649099 0.688303 4.0
2.254001 -2.042801 0.5409 1.0
3.755302 -1.401797 1.446404 2.0
4.003602 3.397902 0.867302 4.0
2.250301 -1.0455 0.534099 1.0
5.000801 -2.126098 0.375897 2.0
0.5054 0.938304 0.662303 0.0
1.757102 -0.256597 0.107296 1.0
4.255602 4.328696 0.217199 4.0
3.752602 -1.212904 1.451898 2.0
4.499801 -0.827899 0.805503 2.0
1.7523 2.585102 1.434904 4.0
0.257997 4.331499 0.202802 4.0
5.245 1.076299 0.761398 3.0
0.006399 1.972302 1.3844 0.0
3.752602 -1.212904 1.451898 2.0
2.005701 2.255197 1.5344 0.0
4.507798 0.837996 0.798599 2.0
4.006498 4.011702 0.431399 4.0
0.000503 0.992704 0.703597 0.0
1.497797 2.460102 1.513697 4.0
4.253799 -1.5384 1.024599 2.0
3.7468 0.642199 1.457597 2.0
0.747198 2.468996 1.509998 4.0
2.004001 3.519502 0.780699 4.0
1.509297 2.859299 1.236997 4.0
2.259896 -1.889503 0.5382 1.0
4.999101 4.170297 0.320104 4.0
0.007996 0.300897 0.220198 0.0
5.501502 0.767396 0.541601 3.0
4.750801 1.976899 1.389099 3.0
2.508196 2.842801 1.243097 4.0
2.755898 -1.323901 0.970404 1.0
5.753297 3.6012 0.721796 4.0
5.507304 3.803499 0.575897 4.0
4.999297 2.231402 1.529299 3.0
0.248103 -0.1074 0.009799 0.0
0.758296 2.962298 1.163099 4.0
6.253503 2.150797 1.512501 3.0
1.505598 2.304001 1.613604 0.0
5.003603 0.655203 0.4703 3.0
2.002104 -0.205401 0.320796 1.0
1.757102 -0.256597 0.107296 1.0
4.755799 3.3252 0.914901 4.0
0.251802 0.861697 0.603597 0.0
2.001497 3.141203 1.044003 4.0
4.254303 2.536102 1.4611 4.0
2.753498 3.9248 0.4973 4.0
1.255401 2.408504 1.5351 4.0
2.508196 2.842801 1.243097 4.0
3.506797 2.528702 1.462399 4.0
1.7452 3.609403 0.708202 4.0
6.253998 2.900396 1.207699 4.0
5.000502 0.576598 0.4115 3.0
3.999996 -2.097099 1.242397 2.0
0.503503 -0.031298 0.055202 0.0
0.249 0.028502 0.034996 0.0
5.253604 1.462501 1.028598 3.0
4.997998 1.203999 0.854298 3.0
1.759101 2.204197 1.536399 0.0
1.005896 4.480696 0.103699 4.0
2.0023 -1.656702 0.3223 1.0
2.748602 0.228998 0.960604 1.0
2.243697 -0.940501 0.534099 1.0
3.502499 0.233697 1.598498 1.0
5.510397 3.228097 0.976897 4.0
1.750002 1.564603 1.099497 0.0
5.250203 2.010204 1.408904 3.0
0.255801 4.573399 0.041404 4.0
3.257198 4.489599 0.104399 4.0
2.256402 2.311998 1.610502 4.0
1.007297 2.046003 1.434297 0.0
4.505098 -1.810103 0.808698 2.0
1.254196 1.693901 1.186604 0.0
6.254596 3.200303 1.003102 4.0
1.252803 2.390399 1.518696 4.0
3.248697 1.761801 1.392098 1.0
2.246397 1.922797 1.348403 0.0
0.750197 4.552603 0.0585 4.0
2.754403 -0.051496 0.970096 1.0
3.7505 -0.711801 1.453197 2.0
1.999498 -1.430198 0.318403 1.0
5.254099 0.755297 0.537201 3.0
2.255804 3.683403 0.664696 4.0
0.755203 3.683301 0.661697 4.0
1.754496 4.110497 0.369198 4.0
3.749902 1.957897 1.449796 2.0
4.496802 2.168201 1.522498 3.0
2.497303 -2.207497 0.749599 1.0
0.509099 4.003499 0.437696 4.0
6.0051 4.600202 0.022299 4.0
0.507501 3.210803 0.989799 4.0
3.7468 0.642199 1.457597 2.0
1.999404 0.412901 0.319002 1.0
5.764797 1.766697 1.241499 3.0
3.499902 -1.893203 1.598703 1.0
5.509696 4.202996 0.299999 4.0
4.256798 -1.242501 1.015004 2.0
5.2494 -1.524704 0.161098 2.0
3.001003 2.865101 1.235801 4.0
3.506797 2.528702 1.462399 4.0
6.0088 2.081701 1.462698 3.0
3.003002 4.604602 0.017002 4.0
3.4985 -0.500899 1.5952 1.0
1.505401 1.821798 1.281597 0.0
1.503504 3.695997 0.650299 4.0
3.260701 2.027497 1.4226 0.0
1.248796 3.655601 0.677298 4.0
1.004999 4.299501 0.232501 4.0
4.5062 2.949499 1.177598 4.0
6.256903 4.4545 0.126597 4.0
2.503796 -1.811299 0.751102 1.0
3.4985 -0.500899 1.5952 1.0
3.996297 -0.373096 1.237296 2.0
3.7505 -0.711801 1.453197 2.0
2.748798 0.1051 0.965798 1.0
6.007698 3.215204 0.988099 4.0
4.246502 0.329101 1.027803 2.0
1.503299 1.810101 1.268396 0.0
4.755303 3.601397 0.721702 4.0
3.755302 0.087499 1.448899 2.0
0.000896 0.634698 0.455998 0.0
3.758002 1.882298 1.447498 2.0
1.253102 1.729803 1.2182 0.0
3.997698 -1.337802 1.244097 2.0
1.251599 3.184898 1.014696 4.0
2.998303 -2.037598 1.179503 1.0
5.509696 4.202996 0.299999 4.0
5.254202 1.298497 0.913398 3.0
0.005501 4.000398 0.444702 4.0
3.997903 -0.101103 1.245097 2.0
0.747198 2.468996 1.509998 4.0
3.001499 -1.411896 1.182699 1.0
5.502399 -1.761 0.020599 2.0
1.748301 1.486296 1.041098 0.0
4.998503 -0.982701 0.375897 2.0
5.505697 1.750301 1.227598 3.0
5.010499 0.369796 0.3659 2.0
4.255602 4.328696 0.217199 4.0
1.499403 2.232598 1.523703 0.0
2.497696 -2.2826 0.748898 1.0
5.764797 1.766697 1.241499 3.0
0.506801 3.0968 1.073001 4.0
2.755702 -0.358597 0.970301 1.0
3.755003 -0.037296 1.449899 2.0
3.500397 1.836699 1.598096 1.0
2.500498 -1.889597 0.7483 1.0
2.498003 -0.721302 0.7483 1.0
4.2535 3.204797 1.003102 4.0
4.007797 -0.530197 1.237296 2.0
5.253604 1.462501 1.028598 3.0
2.5063 0.150503 0.756699 1.0
5.753596 0.428597 0.308202 3.0
4.753996 -0.454103 0.588602 2.0
3.257899 3.993802 0.4473 4.0
2.253599 1.855197 1.303803 0.0
4.252799 -0.341201 1.0216 2.0
2.752199 -0.884896 0.970404 1.0
3.249004 -0.366398 1.400001 1.0
3.750099 -1.994501 1.4523 2.0
3.752303 0.464901 1.449301 2.0
2.249396 -0.6337 0.532502 1.0
6.003203 4.405303 0.154699 4.0
3.751397 -1.2472 1.449301 2.0
4.002696 -0.687399 1.235604 2.0
2.749499 4.043896 0.410099 4.0
1.505897 4.619102 0.085303 4.0
0.999402 0.858801 0.607698 0.0
0.251802 0.861697 0.603597 0.0
4.757602 1.639099 1.153299 3.0
5.508397 -0.292098 0.018403 2.0
0.245599 4.482003 0.107603 4.0
2.000797 1.752197 1.227701 0.0
3.252097 1.355196 1.401402 1.0
1.005204 0.403998 0.290797 0.0
4.253901 2.947397 1.175898 4.0
5.005697 3.002302 1.137697 4.0
2.506599 0.905298 0.756904 1.0
4.754799 3.658096 0.685902 4.0
4.250902 0.174803 1.021301 2.0
1.503504 3.695997 0.650299 4.0
4.2525 2.284298 1.607597 3.0
0.254203 3.326397 0.9118 4.0
0.499504 2.923799 1.193601 4.0
6.251503 0.081997 0.067096 3.0
4.259096 2.090501 1.466901 3.0
6.002998 0.863602 0.610996 3.0
3.0073 3.704302 0.647497 4.0
4.501902 -0.858504 0.804999 2.0
0.250999 3.411402 0.848403 4.0
5.757996 0.621796 0.437303 3.0
4.748502 3.777798 0.595301 4.0
4.253799 -1.5384 1.024599 2.0
3.002396 -0.826198 1.182203 1.0
2.999004 2.984504 1.145301 4.0
3.500201 1.155298 1.595798 1.0
5.509901 3.467998 0.813799 4.0
2.749499 0.177998 0.962697 1.0
0.505699 0.532903 0.3784 0.0
2.497303 -2.207497 0.749599 1.0
5.501203 1.594602 1.124804 3.0
5.500298 1.305196 0.918003 3.0
2.749302 4.544196 0.063601 4.0
3.503302 2.237699 1.6023 1.0
3.249799 -1.019603 1.393704 1.0
2.748798 0.1051 0.965798 1.0
4.252996 4.296297 0.233603 4.0
1.258502 0.640003 0.456399 0.0
1.751497 -0.831598 0.100999 1.0
3.754798 4.204397 0.298701 4.0
3.748996 -1.632898 1.456802 2.0
2.501797 4.3194 0.218796 4.0
4.007199 0.004997 1.236501 2.0
4.996204 4.173501 0.3196 4.0
4.999801 -1.591801 0.377101 2.0
1.750403 -1.188596 0.106202 1.0
4.251697 4.094597 0.375504 4.0
2.997098 1.536698 1.1753 1.0
6.260799 0.393301 0.283603 3.0
1.749703 -0.2496 0.101802 1.0
0.003502 0.606904 0.432698 0.0
3.257899 3.993802 0.4473 4.0
0.996796 1.254504 0.8814 0.0
2.513101 0.719899 0.755904 1.0
2.248798 0.489004 0.534902 1.0
2.500601 -0.811699 0.7517 1.0
4.255303 1.201496 1.015397 2.0
1.247403 3.163999 1.027299 4.0
1.492397 3.360898 0.890397 4.0
3.261197 2.832804 1.259596 4.0
6.007903 4.4214 0.145197 4.0
5.7551 2.896304 1.209596 4.0
4.258302 -0.883196 1.012501 2.0
0.499803 0.917704 0.648599 0.0
0.001802 1.514202 1.064602 0.0
0.258296 2.728404 1.3361 4.0
5.756202 0.609398 0.434996 3.0
3.247201 -1.806497 1.392004 1.0
3.500696 1.744704 1.592303 1.0
6.010201 3.688897 0.656801 4.0
3.750799 -0.043396 1.4547 2.0
1.762502 2.670996 1.364201 4.0
3.9988 -0.305803 1.240602 2.0
4.750997 4.166999 0.3294 4.0
4.999101 4.170297 0.320104 4.0
5.500802 2.245397 1.533503 3.0
4.752501 1.418097 0.995002 3.0
3.007001 0.105604 1.183998 1.0
3.004703 2.022601 1.422199 0.0
5.751998 0.258202 0.1855 3.0
5.758603 3.810001 0.572804 4.0
5.999598 2.424798 1.531802 4.0
2.2543 3.099901 1.075898 4.0
2.253599 1.855197 1.303803 0.0
6.0088 2.081701 1.462698 3.0
4.753996 -1.582702 0.592797 2.0
6.252401 2.659598 1.374198 4.0
3.7576 1.312501 1.444499 2.0
1.002999 -0.104 0.013798 0.0
2.755898 -1.323901 0.970404 1.0
2.500302 -1.7637 0.747702 1.0
2.255197 4.247801 0.268796 4.0
4.749399 0.320796 0.593899 2.0
0.7466 0.249598 0.183902 0.0
3.760104 2.565399 1.445396 4.0
2.002599 -1.0161 0.318301 1.0
2.253898 3.749099 0.611398 4.0
1.754 -0.6567 0.107902 1.0
1.750796 1.589099 1.114098 0.0
0.996796 0.082902 0.0666 0.0
4.2542 1.668499 1.172301 3.0
5.258004 3.298902 0.9314 4.0
4.002696 -0.687399 1.235604 2.0
0.502802 3.666401 0.675701 4.0
5.263002 3.538401 0.762201 4.0
2.260298 4.249997 0.265396 4.0
6.002896 1.3091 0.931502 3.0
4.255499 4.367803 0.178998 4.0
3.2556 -1.495603 1.400001 1.0
4.001799 2.582701 1.430598 4.0
2.7519 3.609001 0.7169 4.0
1.004999 4.299501 0.232501 4.0
6.002896 1.3091 0.931502 3.0
4.503902 2.186204 1.532597 3.0
0.252699 0.442199 0.315396 0.0
2.003001 1.7138 1.207998 0.0
0.500299 3.7059 0.644899 4.0
3.997903 -0.101103 1.245097 2.0
1.253102 1.729803 1.2182 0.0
2.254001 3.787402 0.592302 4.0
1.0003 0.822198 0.582502 0.0
6.006202 0.124504 0.098401 3.0
5.504698 -1.841596 0.015199 2.0
1.249104 1.029896 0.733399 0.0
3.500696 1.744704 1.592303 1.0
4.7555 1.302598 0.916798 3.0
3.254498 3.502097 0.790004 4.0
2.248302 1.073599 0.757203 0.0
2.002796 3.561599 0.745899 4.0
2.001301 1.856999 1.3013 0.0
5.000997 -1.817801 0.380297 2.0
3.508796 1.344601 1.593602 1.0
4.747802 0.960903 0.674701 3.0
4.501603 3.375602 0.876196 4.0
3.249799 1.244097 1.395396 1.0
3.495399 -0.355102 1.604402 1.0
5.504698 -1.841596 0.015199 2.0
1.250804 1.169003 0.828802 0.0
4.253901 2.947397 1.175898 4.0
0.752504 2.4465 1.528299 4.0
1.752402 -0.030102 0.110303 1.0
4.500296 -1.287896 0.809501 2.0
4.007404 3.518904 0.777803 4.0
1.502804 3.071902 1.086099 4.0
5.249998 0.908604 0.643199 3.0
5.502998 3.2056 0.993199 4.0
4.005601 -1.282103 1.233101 2.0
3.000396 2.020704 1.419097 0.0
5.258303 -1.5465 0.150896 2.0
3.749398 4.080704 0.385304 4.0
5.7568 0.021898 0.020001 3.0
0.754204 3.563598 0.742703 4.0
0.754204 3.563598 0.742703 4.0
3.248304 -1.416399 1.395302 1.0
3.499603 -0.826198 1.5932 1.0
1.754197 0.9351 0.655699 0.0
3.004797 1.882298 1.326496 0.0
5.755698 0.638004 0.455101 3.0
1.505401 1.821798 1.281597 0.0
3.009598 3.930097 0.4956 4.0
3.7461 0.634296 1.448002 2.0
5.512499 0.155399 0.116498 3.0
3.004199 1.952104 1.368499 0.0
4.753996 -0.454103 0.588602 2.0
3.2475 -2.190802 1.3932 1.0
0.501504 0.788098 0.557801 0.0
5.249904 3.788299 0.588901 4.0
6.2544 4.089197 0.377101 4.0
1.496797 2.951396 1.165901 4.0
4.506397 0.032398 0.799197 2.0
2.253898 3.749099 0.611398 4.0
5.505903 -1.918502 0.018497 2.0
4.749399 0.320796 0.593899 2.0
4.252201 0.136696 1.021198 2.0
3.995904 -2.200696 1.248403 2.0
5.507304 3.803499 0.575897 4.0
1.504 3.4958 0.791601 4.0
2.254001 3.787402 0.592302 4.0
6.010201 3.688897 0.656801 4.0
3.2475 -2.190802 1.3932 1.0
5.001399 0.048999 0.376204 2.0
2.749499 4.043896 0.410099 4.0
6.004801 1.053504 0.738696 3.0
5.254099 0.755297 0.537201 3.0
2.2533 3.0438 1.105503 4.0
3.010402 4.588104 0.027203 4.0
0.753597 2.435503 1.527701 4.0
4.758003 3.664999 0.673402 4.0
3.003498 1.058297 1.178401 1.0
5.754203 3.965897 0.4669 4.0
0.759296 1.196301 0.838901 0.0
4.5079 -0.031401 0.802 2.0
5.248802 2.9779 1.151701 4.0
4.250902 0.174803 1.021301 2.0
3.504199 3.335804 0.901103 4.0
0.006399 1.972302 1.3844 0.0
4.502902 3.050704 1.101803 4.0
0.758296 2.962298 1.163099 4.0
5.497897 0.006903 0.013302 3.0
5.003697 4.3339 0.2061 4.0
2.501301 2.5624 1.447404 4.0
4.507499 2.439399 1.534904 4.0
3.5005 -0.562801 1.598498 1.0
3.004002 0.343198 1.184698 1.0
4.756696 -0.596798 0.587696 2.0
0.255801 4.573399 0.041404 4.0
3.2475 -2.190802 1.3932 1.0
3.006104 0.877598 1.1814 1.0
5.759799 3.067596 1.095301 4.0
6.259501 -0.004401 0.082996 3.0
1.998396 -0.408597 0.314704 1.0
2.251404 3.242998 0.970301 4.0
5.005099 0.769002 0.546702 3.0
1.7469 -2.149201 0.100802 1.0
1.496797 2.951396 1.165901 4.0
2.754002 0.166498 0.966602 1.0
4.507601 0.598599 0.798898 2.0
1.253504 1.002999 0.707698 0.0
6.2615 3.253797 0.9608 4.0
0.248103 -0.1074 0.009799 0.0
5.006303 0.949001 0.667601 3.0
2.502199 4.243597 0.268796 4.0
2.0094 2.857001 1.237697 4.0
3.250602 1.542201 1.397899 1.0
5.504501 3.995101 0.444403 4.0
3.754601 1.862596 1.451001 2.0
5.500904 2.901097 1.2101 4.0
1.254504 3.625201 0.702401 4.0
1.506298 0.047103 0.044898 0.0
0.751803 4.390496 0.168702 4.0
3.002003 1.6854 1.181503 0.0
4.010702 -0.605897 1.227803 2.0
3.257198 4.489599 0.104399 4.0
6.002597 0.869703 0.616798 3.0
0.002297 0.0335 0.034603 0.0
4.748699 -2.160001 0.5946 2.0
2.248003 0.995301 0.7044 0.0
2.249396 -0.6337 0.532502 1.0
5.500904 2.901097 1.2101 4.0
2.006803 3.977799 0.458903 4.0
3.751602 -1.270099 1.4476 2.0
3.504404 0.107398 1.5871 1.0
4.002201 1.837399 1.290696 3.0
4.250304 -1.863896 1.015303 2.0
4.507003 2.898799 1.210903 4.0
2.752797 3.494801 0.795497 4.0
3.253396 1.025599 1.391004 1.0
2.502498 2.019201 1.420003 0.0
0.997301 1.106204 0.782399 0.0
4.250501 2.7529 1.309502 4.0
2.504599 -1.023798 0.758604 1.0
2.0023 -1.656702 0.3223 1.0
4.511002 -0.911904 0.8 2.0
4.759798 1.878197 1.321096 3.0
2.755898 -1.323901 0.970404 1.0
0.250504 4.248698 0.267096 4.0
3.005899 2.653899 1.3797 4.0
3.747296 -0.887904 1.458699 2.0
4.006797 2.346397 1.603197 4.0
4.997101 -0.439398 0.377896 2.0
1.504897 3.1296 1.044097 4.0
5.254902 -1.344304 0.158398 2.0
6.006604 3.621997 0.704204 4.0
5.011097 -0.152804 0.369301 2.0
5.0028 -0.868099 0.378597 2.0
3.251499 -0.051001 1.397404 1.0
4.001304 -1.928703 1.244302 2.0
1.742799 -2.215298 0.093301 1.0
2.505403 2.122003 1.485596 0.0
1.000701 2.516399 1.4797 4.0
2.0033 1.110202 0.781998 0.0
6.254699 4.260403 0.257202 4.0
3.001704 0.8145 1.180896 1.0
1.753599 2.737896 1.322703 4.0
2.502703 3.044698 1.107101 4.0
5.754903 1.365697 0.959801 3.0
2.003197 -0.718397 0.317899 1.0
1.747404 -0.208802 0.099999 1.0
1.2486 1.051496 0.740303 0.0
2.006803 3.977799 0.458903 4.0
4.755602 3.412402 0.851897 4.0
3.002199 2.539502 1.463398 4.0
0.749402 2.189399 1.531896 0.0
4.509498 3.649099 0.688303 4.0
4.753501 4.168401 0.323598 4.0
2.003497 3.715102 0.639499 4.0
5.508397 -0.292098 0.018403 2.0
1.751497 -0.831598 0.100999 1.0
3.246304 0.253904 1.393602 1.0
6.002597 0.869703 0.616798 3.0
0.752102 1.577804 1.107502 0.0
2.757599 0.202998 0.974402 1.0
3.257497 4.352799 0.197803 4.0
1.506802 0.509603 0.367301 0.0
3.996297 -0.373096 1.237296 2.0
4.502996 -2.141802 0.801401 2.0
3.257497 4.352799 0.197803 4.0
1.762502 2.670996 1.364201 4.0
4.248501 3.944203 0.476999 4.0
5.497897 0.006903 0.013302 3.0
2.252002 2.390698 1.531503 4.0
5.263002 3.538401 0.762201 4.0
3.499304 3.6353 0.6919 4.0
2.005299 2.852703 1.2422 4.0
3.251798 -1.720501 1.396601 1.0
2.005701 2.255197 1.5344 0.0
5.248802 2.9779 1.151701 4.0
5.009798 0.597702 0.430297 3.0
5.258303 -1.5465 0.150896 2.0
5.002202 -1.337699 0.373103 2.0
0.749103 2.293996 1.603299 0.0
4.7636 3.521202 0.771899 4.0
5.000399 0.044804 0.3794 2.0
4.507003 2.898799 1.210903 4.0
5.509098 4.315103 0.223299 4.0
2.0023 -1.656702 0.3223 1.0
6.001896 0.946104 0.663303 3.0
5.502998 3.2056 0.993199 4.0
5.002202 -1.337699 0.373103 2.0
5.0055 0.582997 0.409697 3.0
3.253003 0.403699 1.3993 1.0
3.000901 -0.637399 1.183801 1.0
4.0042 2.890101 1.212304 4.0
5.249998 0.908604 0.643199 3.0
4.744897 -1.503404 0.595497 2.0
0.7493 2.664801 1.369396 4.0
5.005697 3.002302 1.137697 4.0
3.2529 2.398396 1.523899 4.0
2.256803 -0.006503 0.537303 1.0
1.498301 0.002203 0.006604 0.0
5.003398 3.870203 0.534603 4.0
2.260298 4.249997 0.265396 4.0
3.760104 2.565399 1.445396 4.0
0.002297 0.0335 0.034603 0.0
4.993299 -1.060102 0.379101 2.0
6.256297 1.342004 0.947104 3.0
0.752298 1.699702 1.196498 0.0
2.9975 1.421096 1.176804 1.0
2.248798 0.489004 0.534902 1.0
4.250501 2.7529 1.309502 4.0
3.756601 3.056796 1.099403 4.0
0.246898 0.220804 0.159799 0.0
2.001002 3.814401 0.572197 4.0
2.002104 -0.205401 0.320796 1.0
3.7559 1.548899 1.447002 2.0
2.5053 2.371499 1.535698 4.0
1.255401 2.408504 1.5351 4.0
2.504804 2.899602 1.207297 4.0
2.254197 -1.350003 0.539004 1.0
4.504799 -1.870398 0.802299 2.0
6.256297 1.342004 0.947104 3.0
5.505697 1.750301 1.227598 3.0
5.750597 4.486096 0.101802 4.0
0.996796 0.082902 0.0666 0.0
4.005798 2.306804 1.6067 3.0
4.257302 4.113496 0.3605 4.0
0.502503 2.034503 1.425198 0.0
1.505401 1.821798 1.281597 0.0
3.7522 -1.1705 1.454401 2.0
0.2497 3.406096 0.852897 4.0
2.4965 0.376896 0.7446 1.0
5.254501 2.190698 1.535698 3.0
3.500799 4.210198 0.293899 4.0
5.003902 1.2895 0.911996 3.0
1.754402 1.242098 0.874599 0.0
1.003598 2.8492 1.242004 4.0
0.75 1.474796 1.032203 0.0
2.254898 2.099703 1.470302 0.0
4.507798 0.837996 0.798599 2.0
4.754799 3.658096 0.685902 4.0
2.245397 3.240204 0.971899 4.0
4.000902 0.1149 1.240696 2.0
2.996201 -2.131797 1.1753 1.0
4.245802 -1.674397 1.0243 2.0
0.999103 2.958197 1.168396 4.0
1.997798 -0.562596 0.318301 1.0
3.498996 0.214704 1.596498 1.0
3.252097 1.355196 1.401402 1.0
3.7576 1.312501 1.444499 2.0
5.255996 3.827799 0.559501 4.0
0.0024 2.080197 1.461296 0.0
2.502199 4.243597 0.268796 4.0
4.753603 0.5723 0.588397 2.0
4.497699 -1.214502 0.811603 2.0
0.752999 3.915598 0.499598 4.0
4.759396 1.915202 1.347404 3.0
6.249803 1.773797 1.2459 3.0
4.250304 -1.863896 1.015303 2.0
4.258601 0.413602 1.015098 2.0
4.501296 1.244704 0.870096 3.0
3.501798 4.198202 0.305997 4.0
3.757498 -2.115298 1.450702 2.0
4.754799 4.5285 0.075802 4.0
3.244296 2.921099 1.193003 4.0
0.751401 0.1919 0.1392 0.0
1.005503 0.124504 0.096701 0.0
2.243697 -0.940501 0.534099 1.0
4.252201 0.136696 1.021198 2.0
1.005503 0.124504 0.096701 0.0
5.002202 -1.337699 0.373103 2.0
6.254203 1.687296 1.181597 3.0
5.0055 0.582997 0.409697 3.0
3.256096 3.030497 1.115201 4.0
0.7571 4.558704 0.055296 4.0
3.249799 1.244097 1.395396 1.0
6.254699 4.260403 0.257202 4.0
1.504 3.4958 0.791601 4.0
4.002303 4.527398 0.078502 4.0
4.250304 -1.863896 1.015303 2.0
2.749901 2.745398 1.315799 4.0
1.251496 3.658403 0.681801 4.0
2.999499 0.558296 1.179401 1.0
3.750799 -0.043396 1.4547 2.0
3.502499 0.233697 1.598498 1.0
4.494896 1.763399 1.237296 3.0
6.003203 4.405303 0.154699 4.0
5.2538 0.690798 0.493301 3.0
1.507298 4.566103 0.046 4.0
3.506797 2.528702 1.462399 4.0
4.245802 -1.674397 1.0243 2.0
3.002199 2.539502 1.463398 4.0
0.501803 3.455797 0.825803 4.0
0.003998 2.0043 1.408904 0.0
1.753599 2.737896 1.322703 4.0
5.999598 2.424798 1.531802 4.0
3.758796 0.787603 1.443901 2.0
4.750502 0.022103 0.592703 2.0
1.752599 -1.1036 0.108501 1.0
2.756898 4.622801 0.084996 4.0
4.998998 0.836202 0.592396 3.0
2.507299 1.775198 1.249898 0.0
0.998198 0.171804 0.127597 0.0
3.747604 -1.925004 1.457699 2.0
2.754198 0.870498 0.966798 1.0
2.751703 1.774797 1.2466 0.0
1.750002 1.564603 1.099497 0.0
1.259203 4.129004 0.350504 4.0
3.504199 3.335804 0.901103 4.0
4.5045 -0.070797 0.802598 2.0
3.252798 2.885598 1.219199 4.0
0.250102 3.137803 1.044703 4.0
3.502798 -1.017996 1.594097 1.0
3.750398 -1.321303 1.454196 2.0
4.752296 -1.499397 0.591199 2.0
1.005204 0.403998 0.290797 0.0
1.749301 3.440401 0.833698 4.0
5.254902 -1.344304 0.158398 2.0
5.250801 3.0063 1.136903 4.0
6.0095 0.817003 0.584603 3.0
3.003498 1.058297 1.178401 1.0
0.251802 0.861697 0.603597 0.0
0.253904 3.943699 0.481903 4.0
2.999004 2.984504 1.145301 4.0
4.752996 1.691902 1.1895 3.0
0.002297 0.0335 0.034603 0.0
0.758698 0.4098 0.298 0.0
1.009202 1.301804 0.919002 0.0
3.249201 -1.696996 1.390304 1.0
5.005099 0.769002 0.546702 3.0
3.506002 2.7377 1.321498 4.0
2.000096 1.716996 1.2047 0.0
2.258102 4.594401 0.028502 4.0
4.005302 1.046497 1.233101 2.0
5.2504 2.565801 1.441696 4.0
3.748296 -1.883898 1.460297 2.0
3.252396 -0.534597 1.400599 1.0
4.510301 -1.660196 0.798496 2.0
5.260003 3.1556 1.032203 4.0
5.257799 -1.615596 0.152597 2.0
5.753297 3.6012 0.721796 4.0
3.006899 3.830798 0.563901 4.0
2.504599 -1.023798 0.758604 1.0
2.4992 -1.9046 0.749599 1.0
2.500003 3.3441 0.896403 4.0
3.2539 0.000999 1.399899 1.0
4.253303 -1.3928 1.022301 2.0
3.753798 0.537303 1.451804 2.0
6.005997 2.627301 1.3922 4.0
5.502998 3.2056 0.993199 4.0
3.744904 -1.578301 1.457699 2.0
2.251002 2.120004 1.482998 0.0
4.501996 3.321202 0.921002 4.0
0.752504 2.4465 1.528299 4.0
3.0036 2.433401 1.5307 4.0
4.504004 2.806104 1.276496 4.0
1.005896 4.480696 0.103699 4.0
0.503503 -0.031298 0.055202 0.0
1.749497 3.878098 0.528597 4.0
5.500101 -1.712897 0.022197 2.0
4.752202 4.016897 0.427999 4.0
1.7523 2.585102 1.434904 4.0
2.256598 2.734 1.321797 4.0
2.750003 -1.388597 0.961902 1.0
4.255798 -1.531796 1.017097 2.0
3.751303 0.724599 1.447199 2.0
5.000399 0.044804 0.3794 2.0
0.755998 0.835997 0.595198 0.0
3.253302 2.011203 1.415201 0.0
0.243403 0.497001 0.357903 0.0
0.252298 1.379 0.971301 0.0
2.005496 2.889699 1.213201 4.0
0.252699 0.442199 0.315396 0.0
3.757096 2.320397 1.606196 4.0
4.257003 -1.657104 1.014901 2.0
4.749997 -0.2986 0.590798 2.0
1.004896 0.251401 0.183603 0.0
1.498703 0.281801 0.203998 0.0
2.757599 0.202998 0.974402 1.0
6.254998 4.1515 0.332997 4.0
1.507298 4.566103 0.046 4.0
5.503604 3.052302 1.107904 4.0
1.003803 1.101496 0.775504 0.0
3.749398 4.080704 0.385304 4.0
1.754803 -1.216698 0.109799 1.0
2.008102 -1.996697 0.326503 1.0
6.005997 2.627301 1.3922 4.0
2.506001 4.043896 0.411303 4.0
4.495699 -1.897398 0.811996 2.0
4.757602 1.639099 1.153299 3.0
3.2468 -0.180803 1.3942 1.0
5.258799 3.704601 0.648197 4.0
1.757204 3.515298 0.773599 4.0
3.996801 0.2794 1.239799 2.0
1.503504 3.695997 0.650299 4.0
2.506402 -2.003498 0.758399 1.0
5.004501 3.593502 0.727598 4.0
6.254203 1.687296 1.181597 3.0
3.503302 2.237699 1.6023 1.0
5.249998 0.929204 0.658997 3.0
5.508799 3.498304 0.788799 4.0
4.496998 1.592098 1.121404 3.0
3.752602 -1.212904 1.451898 2.0
0.247804 2.241501 1.531401 0.0
6.257501 1.514902 1.064397 3.0
6.251802 4.324903 0.2142 4.0
0.7527 1.138799 0.800299 0.0
2.751703 1.774797 1.2466 0.0
0.2524 0.191404 0.138798 0.0
0.503699 3.195398 1.008502 4.0
4.2552 2.406701 1.528803 4.0
1.749497 3.878098 0.528597 4.0
5.000903 1.116901 0.789303 3.0
0.754503 4.440402 0.132099 4.0
2.503796 -1.811299 0.751102 1.0
3.745399 -2.185599 1.462399 2.0
5.752998 4.339898 0.203203 4.0
5.2575 -0.535998 0.155203 2.0
1.256503 3.484001 0.803102 4.0
3.755302 0.087499 1.448899 2.0
0.253297 0.904102 0.635304 0.0
3.256497 4.392401 0.168497 4.0
5.247102 -1.852396 0.167797 2.0
5.757996 0.621796 0.437303 3.0
5.257602 0.017796 0.157997 2.0
0.75 1.474796 1.032203 0.0
4.494896 1.763399 1.237296 3.0
4.756303 3.466298 0.818302 4.0
5.2457 1.026197 0.725 3.0
1.997396 -1.179104 0.316003 1.0
0.253502 0.256903 0.184201 0.0
0.247804 2.241501 1.531401 0.0
2.255197 4.247801 0.268796 4.0
3.5083 3.847997 0.543498 4.0
3.252302 4.431798 0.143497 4.0
5.496299 -1.079198 0.026896 2.0
2.504702 1.708896 1.1993 0.0
4.5062 2.949499 1.177598 4.0
3.502003 4.200697 0.301204 4.0
3.249397 3.862804 0.532604 4.0
2.500797 -2.060103 0.7527 1.0
2.004701 2.513596 1.478803 4.0
1.248796 3.655601 0.677298 4.0
2.755497 3.446296 0.826598 4.0
4.001902 2.0239 1.418704 3.0
2.254001 -2.042801 0.5409 1.0
3.255899 3.287999 0.942097 4.0
1.000701 4.160198 0.331203 4.0
1.250402 1.290799 0.912902 0.0
3.753798 0.537303 1.451804 2.0
0.755699 0.635202 0.446497 0.0
2.503198 3.3978 0.862304 4.0
2.002403 -2.099696 0.323897 1.0
4.501603 3.375602 0.876196 4.0
5.009798 3.212196 0.996899 4.0
5.001297 3.635001 0.699103 4.0
5.260704 3.602798 0.718302 4.0
3.498996 0.214704 1.596498 1.0
5.507697 2.025301 1.4209 3.0
2.008597 3.960104 0.466003 4.0
2.754198 0.870498 0.966798 1.0
3.998997 4.438898 0.136799 4.0
5.251399 -0.155196 0.159201 2.0
2.502899 -0.143704 0.752598 1.0
4.249296 0.1524 1.022403 2.0
0.257296 2.773696 1.295097 4.0
5.259004 3.839299 0.552802 4.0
5.251203 2.428104 1.538398 4.0
0.252298 1.379 0.971301 0.0
2.002796 3.561599 0.745899 4.0
5.755604 1.677496 1.183203 3.0
5.504501 3.995101 0.444403 4.0
2.000096 1.716996 1.2047 0.0
2.501301 2.5624 1.447404 4.0
4.255499 4.367803 0.178998 4.0
5.2558 0.378904 0.271496 3.0
6.259501 -0.004401 0.082996 3.0
5.756398 4.551902 0.055296 4.0
6.002802 0.012499 0.016899 3.0
5.509696 4.202996 0.299999 4.0
3.498996 0.214704 1.596498 1.0
5.7551 2.896304 1.209596 4.0
3.9988 -0.305803 1.240602 2.0
5.499802 -0.573797 0.019599 2.0
0.2544 -0.086997 0.020496 0.0
5.751802 4.4454 0.1301 4.0
5.252903 0.213901 0.159398 3.0
2.005803 3.782899 0.5909 4.0
2.0033 1.110202 0.781998 0.0
2.001796 -0.711904 0.317096 1.0
5.748897 3.816597 0.567302 4.0