536258.86 6581100.75 48.89 2.0
536260.49 6581095.76 46.02 3.0
536255.06 6581100.86 48.66 2.0
536258.54 6581103.58 47.0 0.0
536252.82 6581099.79 46.14 1.0
536260.7 6581102.8 48.44 0.0
536252.83 6581098.75 46.64 1.0
536259.78 6581103.34 47.68 0.0
536260.38 6581101.55 48.93 0.0
536257.21 6581093.12 46.26 3.0
536259.58 6581105.81 46.36 0.0
536258.75 6581095.18 46.52 3.0
536264.49 6581099.97 46.21 3.0
536257.59 6581095.2 47.13 3.0
536256.8 6581099.55 48.85 2.0
536254.82 6581098.03 48.82 2.0
536251.64 6581098.9 45.99 1.0
536259.47 6581094.76 45.99 3.0
536253.06 6581098.36 46.92 1.0
536257.78 6581096.53 47.67 3.0
536256.31 6581103.14 48.64 2.0
536261.95 6581101.78 48.32 3.0
536261.71 6581103.29 48.67 0.0
536253.22 6581098.99 46.72 1.0
536259.6 6581096.82 46.95 3.0
536258.51 6581097.15 47.59 3.0
536253.46 6581097.0 47.79 1.0
536255.21 6581097.26 48.69 1.0
536257.72 6581095.13 46.99 3.0
536259.57 6581098.39 47.73 3.0
536258.13 6581100.86 48.85 2.0
536258.22 6581096.89 47.65 3.0
536258.19 6581098.18 48.31 3.0
536260.89 6581101.53 48.72 3.0
536253.35 6581100.49 48.62 2.0
536257.75 6581100.47 48.84 2.0
536256.03 6581102.94 48.65 2.0
536262.74 6581098.22 46.17 3.0
536255.42 6581097.96 48.84 2.0
536256.29 6581101.45 48.87 2.0
536257.21 6581103.68 48.63 2.0
536259.6 6581099.86 48.47 3.0
536261.9 6581099.99 47.42 3.0
536258.8 6581098.31 48.05 3.0
536259.44 6581098.44 47.85 3.0
536258.84 6581099.49 48.64 3.0
536259.35 6581095.11 46.25 3.0
536258.63 6581097.99 48.01 3.0
536258.09 6581094.68 46.59 3.0
536256.55 6581094.71 47.36 3.0
536261.63 6581099.66 47.39 3.0
536259.81 6581100.98 48.93 2.0
536258.03 6581094.93 46.78 3.0
536252.4 6581099.61 46.05 1.0
536260.83 6581101.24 48.59 3.0
536257.61 6581093.65 46.31 3.0
536262.44 6581100.39 47.38 3.0
536258.09 6581097.44 48.02 3.0
536263.45 6581101.54 47.56 3.0
536258.22 6581103.44 46.88 0.0
536252.7 6581099.56 46.17 1.0
536255.73 6581095.38 48.1 3.0
536257.43 6581101.99 48.76 2.0
536254.65 6581101.03 48.67 2.0
536260.0 6581096.18 46.48 3.0
536258.73 6581105.28 46.23 0.0
536258.05 6581100.57 48.85 2.0
536258.84 6581102.21 47.8 0.0
536260.01 6581098.04 47.35 3.0
536260.54 6581103.54 47.97 0.0
536253.06 6581098.36 46.92 1.0
536256.17 6581094.28 47.32 3.0
536260.05 6581098.99 47.82 3.0
536258.73 6581105.28 46.23 0.0
536255.81 6581095.68 48.18 3.0
536258.7 6581097.71 47.84 3.0
536257.95 6581098.74 48.69 3.0
536259.96 6581102.83 48.08 0.0
536258.03 6581093.74 46.18 3.0
536262.19 6581097.43 46.05 3.0
536252.95 6581097.37 47.4 1.0
536253.46 6581097.0 47.79 1.0
536262.01 6581098.0 46.37 3.0
536258.87 6581098.58 48.16 3.0
536253.73 6581100.04 48.67 2.0
536255.37 6581100.45 48.74 2.0
536263.31 6581101.07 47.35 3.0
536259.81 6581100.98 48.93 2.0
536263.77 6581101.29 47.3 3.0
536257.43 6581101.99 48.76 2.0
536262.23 6581100.29 47.41 3.0
536261.87 6581101.67 48.34 3.0
536254.5 6581099.7 48.73 2.0
536254.45 6581095.88 48.89 1.0
536262.38 6581102.33 48.41 3.0
536261.81 6581101.93 48.49 3.0
536257.75 6581099.38 48.89 2.0
536254.89 6581099.06 48.78 2.0
536259.06 6581096.26 46.94 3.0
536260.21 6581102.26 48.47 0.0
536257.91 6581099.31 48.92 2.0
536256.65 6581103.16 48.64 2.0
536260.68 6581100.68 48.36 3.0
536253.38 6581097.98 47.3 1.0
536258.46 6581098.03 48.1 3.0
536253.96 6581098.95 48.74 2.0
536261.65 6581099.46 47.23 3.0
536259.2 6581094.88 46.17 3.0
536261.27 6581104.09 48.03 0.0
536254.45 6581095.88 48.89 1.0
536260.85 6581104.18 47.79 0.0
536256.38 6581095.13 47.66 3.0
536263.81 6581100.14 46.64 3.0
536260.5 6581103.12 48.17 0.0
536261.56 6581099.94 47.56 3.0
536260.69 6581096.84 46.45 3.0
536254.99 6581097.98 48.83 2.0
536253.8 6581099.61 48.7 2.0
536257.28 6581092.83 46.12 3.0
536259.04 6581102.99 47.5 0.0
536257.54 6581096.9 47.99 3.0
536251.94 6581098.55 46.3 1.0
536263.21 6581098.91 46.25 3.0
536255.82 6581100.1 48.75 2.0
536261.09 6581095.85 45.74 3.0
536254.81 6581098.62 48.79 2.0
536257.98 6581095.09 46.83 3.0
536256.2 6581098.61 48.85 2.0
536256.16 6581098.65 48.85 2.0
536255.14 6581096.96 48.62 1.0
536256.17 6581099.89 48.8 2.0
536256.29 6581095.35 47.81 3.0
536259.44 6581098.44 47.85 3.0
536253.24 6581100.33 48.64 2.0
536260.62 6581103.83 47.84 0.0
536258.91 6581104.58 46.65 0.0
536259.91 6581094.81 45.81 3.0
536255.54 6581100.14 48.75 2.0
536256.54 6581095.72 47.84 3.0
536264.17 6581098.83 45.75 3.0
536256.84 6581103.6 48.65 2.0
536258.5 6581100.03 48.91 2.0
536262.12 6581099.12 46.89 3.0
536260.35 6581096.55 46.45 3.0
536259.8 6581102.01 48.38 0.0
536257.07 6581096.29 47.9 3.0
536256.66 6581101.93 48.74 2.0
536259.01 6581097.99 47.83 3.0
536258.2 6581099.72 48.89 2.0
536253.23 6581098.15 47.13 1.0
536258.63 6581104.64 46.52 0.0
536260.9 6581102.58 48.65 0.0
536261.66 6581102.5 48.91 3.0
536254.5 6581099.7 48.73 2.0
536255.53 6581101.4 48.68 2.0
536260.35 6581096.32 46.35 3.0
536262.31 6581102.05 48.29 3.0
536260.16 6581099.55 48.04 3.0
536257.12 6581100.77 48.8 2.0
536258.91 6581104.58 46.65 0.0
536255.05 6581098.44 48.81 2.0
536263.06 6581100.98 47.41 3.0
536259.12 6581102.67 47.72 0.0
536256.22 6581095.64 47.99 3.0
536256.15 6581094.02 47.23 3.0
536255.26 6581095.13 48.2 3.0
536257.51 6581095.5 47.31 3.0
536254.82 6581098.03 48.82 2.0
536263.48 6581098.37 45.87 3.0
536256.14 6581100.85 48.74 2.0
536262.37 6581100.85 47.63 3.0
536262.24 6581097.78 46.17 3.0
536253.63 6581097.63 47.58 1.0
536262.03 6581102.07 48.45 3.0
536259.33 6581096.46 46.88 3.0
536254.43 6581100.89 48.67 2.0
536256.71 6581098.68 48.88 2.0
536261.35 6581097.08 46.26 3.0
536262.75 6581100.92 47.5 3.0
536256.03 6581096.53 48.52 3.0
536262.9 6581097.73 45.8 3.0
536257.42 6581093.72 46.45 3.0
536257.37 6581097.91 48.56 3.0
536262.08 6581100.83 47.78 3.0
536259.35 6581095.46 46.4 3.0
536254.7 6581097.08 48.37 1.0
536253.65 6581099.29 48.72 2.0
536255.77 6581097.14 48.95 2.0
536260.42 6581100.8 48.59 3.0
536262.25 6581102.27 48.46 3.0
536257.27 6581095.47 47.38 3.0
536263.1 6581101.91 47.92 3.0
536259.41 6581102.91 47.73 0.0
536256.79 6581099.87 48.83 2.0
536258.9 6581100.94 48.88 2.0
536259.43 6581097.82 47.51 3.0
536258.59 6581103.71 46.91 0.0
536260.15 6581095.61 46.13 3.0
536258.19 6581103.47 46.8 0.0
536252.82 6581097.41 47.28 1.0
536257.59 6581097.32 48.13 3.0
536259.08 6581097.81 47.69 3.0
536252.07 6581099.15 46.1 1.0
536261.05 6581097.13 46.39 3.0
536257.75 6581101.54 48.8 2.0
536255.23 6581094.96 48.15 3.0
536253.7 6581097.92 47.46 1.0
536255.33 6581095.42 48.29 3.0
536256.64 6581098.94 48.85 2.0
536253.73 6581100.04 48.67 2.0
536253.55 6581098.62 47.08 1.0
536260.25 6581100.19 48.3 3.0
536258.08 6581093.24 45.95 3.0
536263.03 6581099.79 46.78 3.0
536256.38 6581095.13 47.66 3.0
536253.04 6581097.48 47.37 1.0
536257.44 6581099.27 48.87 2.0
536260.73 6581103.24 48.19 0.0
536258.29 6581102.57 48.75 2.0
536256.82 6581102.51 48.7 2.0
536260.62 6581096.58 46.34 3.0
536257.36 6581093.97 46.6 3.0
536256.62 6581093.54 46.74 3.0
536262.15 6581099.99 47.28 3.0
536260.32 6581097.87 47.14 3.0
536253.22 6581098.99 46.72 1.0
536260.35 6581096.55 46.45 3.0
536255.29 6581096.54 48.9 3.0
536253.37 6581098.75 46.91 1.0
536258.07 6581096.28 47.4 3.0
536259.84 6581099.81 48.35 3.0
536263.48 6581101.54 47.53 3.0
536261.36 6581098.69 47.03 3.0
536259.18 6581095.86 46.68 3.0
536251.64 6581098.9 45.99 1.0
536257.36 6581096.08 47.67 3.0
536260.21 6581097.65 47.07 3.0
536258.79 6581098.87 48.39 3.0
536256.63 6581099.0 48.87 2.0
536262.31 6581100.58 47.51 3.0
536257.58 6581104.16 46.23 0.0
536261.3 6581103.08 48.56 0.0
536259.98 6581099.02 47.83 3.0
536261.0 6581100.13 47.94 3.0
536256.49 6581095.97 48.02 3.0
536257.41 6581095.09 47.13 3.0
536255.37 6581100.78 48.71 2.0
536259.48 6581100.95 48.9 2.0
536256.92 6581094.71 47.16 3.0
536257.51 6581102.29 48.71 2.0
536258.53 6581094.29 46.19 3.0
536260.29 6581097.94 47.16 3.0
536260.61 6581096.73 46.43 3.0
536253.06 6581098.81 46.74 1.0
536260.07 6581097.07 46.83 3.0
536253.02 6581097.96 47.1 1.0
536254.52 6581098.73 48.77 2.0
536256.5 6581093.62 46.86 3.0
536257.15 6581097.03 48.24 3.0
536256.33 6581100.23 48.78 2.0
536254.27 6581098.8 48.75 2.0
536257.93 6581104.47 46.24 0.0
536258.62 6581101.7 48.8 2.0
536260.57 6581103.88 47.81 0.0
536261.91 6581098.55 46.71 3.0
536258.8 6581098.31 48.05 3.0
536255.72 6581095.74 48.28 3.0
536253.0 6581099.38 46.43 1.0
536261.41 6581102.33 48.9 3.0
536258.97 6581103.31 47.31 0.0
536261.63 6581101.09 48.15 3.0
536257.52 6581103.97 46.27 0.0
536255.94 6581100.8 48.75 2.0
536255.03 6581100.39 48.73 2.0
536256.01 6581096.46 48.52 3.0
536254.99 6581095.37 48.46 3.0
536262.3 6581099.97 47.22 3.0
536258.4 6581097.34 47.77 3.0
536254.8 6581101.33 48.67 2.0
536255.61 6581101.7 48.67 2.0
536254.59 6581100.29 48.72 2.0
536253.63 6581099.76 48.67 2.0
536259.08 6581103.13 47.45 0.0
536256.7 6581095.3 47.54 3.0
536259.2 6581096.92 47.16 3.0
536253.63 6581096.52 48.14 1.0
536256.08 6581098.34 48.86 2.0
536259.48 6581097.03 47.1 3.0
536252.55 6581098.96 46.43 1.0
536254.5 6581101.65 48.61 2.0
536255.31 6581094.67 47.98 3.0
536260.96 6581101.25 48.52 3.0
536258.12 6581104.69 46.24 0.0
536251.65 6581098.61 46.12 1.0
536256.24 6581094.55 47.44 3.0
536255.49 6581098.56 48.83 2.0
536256.69 6581101.99 48.71 2.0
536255.22 6581101.07 48.7 2.0
536258.88 6581099.67 48.72 3.0
536255.34 6581099.17 48.78 2.0
536257.43 6581101.99 48.76 2.0
536254.44 6581099.56 48.71 2.0
536260.45 6581098.43 47.36 3.0
536261.66 6581100.63 47.86 3.0
536262.75 6581100.29 47.17 3.0
536255.79 6581102.37 48.66 2.0
536260.42 6581100.8 48.59 3.0
536256.94 6581097.76 48.73 3.0
536259.7 6581103.68 47.48 0.0
536263.98 6581100.43 46.72 3.0
536262.67 6581102.03 48.1 3.0
536257.7 6581096.23 47.54 3.0
536263.11 6581100.09 46.89 3.0
536257.42 6581093.72 46.45 3.0
536257.89 6581102.48 48.74 2.0
536254.95 6581096.09 48.88 3.0
536257.51 6581097.03 48.03 3.0
536252.47 6581099.64 46.05 1.0
536254.53 6581096.2 48.74 1.0
536258.3 6581093.4 45.87 3.0
536258.51 6581095.76 46.95 3.0
536259.07 6581104.52 46.75 0.0
536257.14 6581094.83 47.13 3.0
536256.61 6581096.02 47.96 3.0
536259.79 6581098.58 47.73 3.0
536252.38 6581098.3 46.61 1.0
536258.4 6581095.18 46.7 3.0
536257.06 6581102.7 48.72 2.0
536258.95 6581098.88 48.25 3.0
536259.45 6581099.3 48.24 3.0
536257.94 6581098.01 48.35 3.0
536258.71 6581105.36 46.18 0.0
536259.25 6581096.16 46.79 3.0
536262.68 6581100.55 47.36 3.0
536256.25 6581099.58 48.8 2.0
536257.63 6581094.03 46.5 3.0
536258.05 6581104.37 46.36 0.0
536252.8 6581097.98 47.02 1.0
536252.62 6581099.25 46.28 1.0
536262.33 6581098.27 46.39 3.0
536255.77 6581101.02 48.72 2.0
536259.74 6581100.44 48.72 3.0
536262.11 6581102.84 48.84 3.0
536258.38 6581104.22 46.59 0.0
536256.4 6581098.98 48.84 2.0
536253.35 6581100.49 48.62 2.0
536257.95 6581098.74 48.69 3.0
536259.8 6581102.01 48.38 0.0
536258.45 6581094.0 46.06 3.0
536258.63 6581094.03 46.05 3.0
536252.55 6581098.96 46.43 1.0
536253.76 6581098.86 47.04 1.0
536254.2 6581099.88 48.7 2.0
536252.96 6581097.15 47.52 1.0
536259.32 6581102.94 47.67 0.0
536258.82 6581104.92 46.42 0.0
536257.44 6581104.28 46.08 0.0
536259.96 6581101.35 48.82 0.0
536262.33 6581098.27 46.39 3.0
536261.63 6581101.09 48.15 3.0
536256.72 6581093.64 46.78 3.0
536256.58 6581103.46 48.62 2.0
536257.82 6581101.24 48.82 2.0
536260.22 6581095.33 45.96 3.0
536263.33 6581100.97 47.27 3.0
536253.97 6581100.04 48.68 2.0
536260.59 6581097.86 47.01 3.0
536257.52 6581098.49 48.8 3.0
536254.12 6581099.58 48.7 2.0
536255.22 6581096.26 48.78 3.0
536256.64 6581100.5 48.8 2.0
536257.21 6581103.68 48.63 2.0
536255.04 6581099.47 48.76 2.0
536262.75 6581100.92 47.5 3.0
536258.73 6581105.28 46.23 0.0
536262.98 6581098.03 45.94 3.0
536257.68 6581101.8 48.77 2.0
536255.76 6581102.31 48.64 2.0
536258.63 6581104.64 46.52 0.0
536257.79 6581094.36 46.59 3.0
536258.97 6581103.31 47.31 0.0
536259.49 6581094.55 45.92 3.0
536260.16 6581104.45 47.34 0.0
536262.15 6581099.99 47.28 3.0
536253.82 6581097.07 47.95 1.0
536258.77 6581097.43 47.66 3.0
536254.11 6581100.81 48.65 2.0
536255.72 6581101.68 48.68 2.0
536255.34 6581098.26 48.84 2.0
536254.66 6581100.32 48.7 2.0
536254.72 6581100.74 48.69 2.0
536256.5 6581093.62 46.86 3.0
536261.28 6581098.01 46.7 3.0
536262.76 6581099.83 46.93 3.0
536260.94 6581103.84 47.99 0.0
536257.15 6581102.38 48.73 2.0
536256.68 6581102.99 48.65 2.0
536264.3 6581100.38 46.5 3.0
536264.02 6581099.29 46.1 3.0
536257.44 6581102.74 48.7 2.0
536261.33 6581099.8 47.59 3.0
536255.93 6581101.65 48.71 2.0
536259.2 6581094.88 46.17 3.0
536255.55 6581096.28 48.62 3.0
536255.85 6581097.44 48.91 2.0
536252.29 6581098.59 46.46 1.0
536261.84 6581098.84 46.88 3.0
536256.02 6581094.89 47.68 3.0
536257.49 6581103.83 46.37 0.0
536259.23 6581098.28 47.85 3.0
536259.49 6581094.55 45.92 3.0
536259.87 6581096.73 46.81 3.0
536260.9 6581101.51 48.7 3.0
536255.93 6581101.65 48.71 2.0
536260.77 6581097.15 46.56 3.0
536262.45 6581099.39 46.9 3.0
536255.33 6581095.42 48.29 3.0
536253.38 6581097.98 47.3 1.0
536258.34 6581102.76 47.24 0.0
536261.83 6581100.26 47.59 3.0
536253.63 6581098.94 46.96 1.0
536259.58 6581105.81 46.36 0.0
536258.07 6581102.95 47.08 0.0
536258.12 6581098.46 48.49 3.0
536260.56 6581100.24 48.2 3.0
536256.0 6581101.91 48.83 2.0
536258.91 6581095.32 46.55 3.0
536257.25 6581102.92 48.69 2.0
536256.02 6581101.46 48.72 2.0
536262.97 6581101.78 47.84 3.0
536259.36 6581100.29 48.79 3.0
536258.85 6581096.93 47.36 3.0
536254.09 6581096.1 48.58 1.0
536259.98 6581105.12 46.9 0.0
536257.19 6581099.78 48.86 2.0
536255.07 6581098.3 48.82 2.0
536257.86 6581095.69 47.21 3.0
536261.8 6581100.03 47.45 3.0
536262.37 6581099.43 46.88 3.0
536262.09 6581101.19 47.92 3.0
536259.57 6581098.39 47.73 3.0
536258.0 6581096.57 47.58 3.0
536256.61 6581097.19 48.58 3.0
536259.77 6581095.91 46.39 3.0
536257.82 6581103.93 46.47 0.0
536253.66 6581096.44 48.19 1.0
536258.37 6581093.55 45.95 3.0
536258.63 6581103.21 47.2 0.0
536254.96 6581100.7 48.7 2.0
536257.75 6581101.54 48.8 2.0
536258.61 6581098.61 48.33 3.0
536262.75 6581100.92 47.5 3.0
536259.08 6581099.88 48.76 3.0
536258.54 6581098.33 48.2 3.0
536256.5 6581097.41 48.76 3.0
536257.45 6581096.77 47.95 3.0
536258.47 6581105.3 46.09 0.0
536253.97 6581100.04 48.68 2.0
536262.54 6581101.11 47.71 3.0
536260.61 6581096.73 46.43 3.0
536257.29 6581093.43 46.36 3.0
536254.82 6581095.73 48.73 3.0
536258.98 6581104.27 46.84 0.0
536260.81 6581096.98 46.47 3.0
536261.88 6581097.58 46.26 3.0
536258.07 6581102.95 47.08 0.0
536261.74 6581102.22 48.69 3.0
536254.81 6581100.93 48.68 2.0
536260.59 6581097.86 47.01 3.0
536257.92 6581097.09 47.89 3.0
536260.62 6581096.58 46.34 3.0
536256.08 6581094.3 47.39 3.0
536260.58 6581101.35 48.76 3.0
536261.36 6581098.69 47.03 3.0
536258.3 6581103.77 46.77 0.0
536260.21 6581099.9 48.16 3.0
536256.63 6581095.44 47.69 3.0
536257.07 6581096.29 47.9 3.0
536258.41 6581094.89 46.56 3.0
536260.27 6581096.23 46.35 3.0
536253.64 6581100.63 48.62 2.0
536262.07 6581098.25 46.47 3.0
536255.05 6581096.64 48.76 1.0
536257.45 6581096.77 47.95 3.0
536261.21 6581097.73 46.59 3.0
536258.88 6581094.69 46.22 3.0
536256.0 6581101.91 48.83 2.0
536262.62 6581099.27 46.69 3.0
536262.72 6581099.25 46.66 3.0
536257.46 6581097.21 48.18 3.0
536254.19 6581101.13 48.64 2.0
536252.98 6581099.15 46.53 1.0
536262.45 6581099.74 47.01 3.0
536256.21 6581101.15 48.73 2.0
536255.04 6581101.82 48.64 2.0
536263.46 6581100.49 46.99 3.0
536258.29 6581102.57 48.75 2.0
536257.97 6581100.63 48.85 2.0
536258.4 6581095.18 46.7 3.0
536257.56 6581095.69 47.36 3.0
536255.75 6581099.36 48.78 2.0
536254.89 6581100.09 48.73 2.0
536257.44 6581104.28 46.08 0.0
536263.39 6581101.8 47.73 3.0
536257.32 6581092.52 45.91 3.0
536261.48 6581102.62 48.93 0.0
536258.82 6581103.53 47.12 0.0
536263.34 6581099.47 46.51 3.0
536259.57 6581096.31 46.7 3.0
536259.82 6581104.5 47.13 0.0
536259.66 6581105.39 46.61 0.0
536259.23 6581098.28 47.85 3.0
536262.31 6581100.58 47.51 3.0
536260.84 6581097.44 46.65 3.0
536258.21 6581101.19 48.82 2.0
536258.51 6581103.41 47.03 0.0
536258.66 6581100.59 48.9 2.0
536257.88 6581098.47 48.59 3.0
536259.72 6581098.96 47.93 3.0
536258.71 6581102.88 47.4 0.0
536255.36 6581096.83 48.8 1.0
536257.06 6581093.7 46.64 3.0
536260.5 6581097.13 46.69 3.0
536261.2 6581097.69 46.6 3.0
536259.25 6581096.16 46.79 3.0
536256.53 6581102.39 48.68 2.0
536260.4 6581097.58 46.97 3.0
536259.66 6581097.58 47.34 3.0
536255.3 6581101.78 48.66 2.0
536253.81 6581100.65 48.64 2.0
536259.12 6581094.46 46.01 3.0
536260.54 6581102.17 48.7 0.0
536255.94 6581095.88 48.23 3.0
536256.65 6581093.93 46.93 3.0
536255.7 6581094.5 47.69 3.0
536258.46 6581104.39 46.55 0.0
536263.55 6581098.62 46.01 3.0
536255.59 6581097.72 48.88 2.0
536259.58 6581105.81 46.36 0.0
536254.82 6581099.37 48.76 2.0
536259.96 6581101.35 48.82 0.0
536259.84 6581098.45 47.61 3.0
536263.5 6581100.06 46.69 3.0
536262.39 6581098.37 46.37 3.0
536254.74 6581100.64 48.68 2.0
536261.73 6581097.24 46.18 3.0
536263.88 6581099.85 46.44 3.0
536263.48 6581098.92 46.16 3.0
536256.69 6581093.84 46.82 3.0
536257.71 6581093.72 46.32 3.0
536257.22 6581102.08 48.73 2.0
536258.9 6581095.76 46.75 3.0
536255.76 6581102.31 48.64 2.0
536256.3 6581100.46 48.76 2.0
536256.31 6581096.03 48.11 3.0
536259.37 6581098.73 48.04 3.0
536260.12 6581101.92 48.59 0.0
536259.91 6581098.72 47.73 3.0
536256.47 6581096.62 48.34 3.0
536261.98 6581102.92 48.93 3.0
536253.8 6581099.61 48.7 2.0
536262.33 6581098.27 46.39 3.0
536258.01 6581097.72 48.17 3.0
536256.56 6581100.81 48.79 2.0
536254.01 6581097.86 47.62 1.0
536260.28 6581096.63 46.54 3.0
536258.19 6581101.26 48.82 2.0
536259.2 6581096.92 47.16 3.0
536257.7 6581096.23 47.54 3.0
536259.16 6581101.93 48.09 0.0
536253.88 6581099.91 48.68 2.0
536259.63 6581102.66 47.98 0.0
536256.92 6581094.71 47.16 3.0
536256.8 6581099.55 48.85 2.0
536257.7 6581101.43 48.79 2.0
536263.73 6581099.39 46.31 3.0
536259.84 6581098.45 47.61 3.0
536256.86 6581093.08 46.42 3.0
536261.73 6581097.24 46.18 3.0
536256.15 6581095.92 48.15 3.0
536255.05 6581096.64 48.76 1.0
536261.73 6581100.93 47.99 3.0
536258.73 6581098.02 47.95 3.0
536254.28 6581100.2 48.68 2.0
536257.61 6581100.52 48.84 2.0
536260.05 6581104.19 47.4 0.0
536258.42 6581098.83 48.54 3.0
536255.16 6581098.63 48.8 2.0
536257.76 6581099.9 48.88 2.0
536257.34 6581095.19 47.21 3.0
536256.64 6581096.83 48.42 3.0
536257.71 6581097.69 48.29 3.0
536257.5 6581093.41 46.28 3.0
536260.99 6581102.23 48.86 0.0
536255.21 6581100.18 48.72 2.0
536254.23 6581097.6 47.88 1.0
536262.31 6581098.06 46.25 3.0
536255.36 6581101.96 48.66 2.0
536254.16 6581097.22 48.02 1.0
536263.79 6581101.19 47.2 3.0
536253.73 6581100.04 48.67 2.0
536254.74 6581099.65 48.73 2.0
536263.13 6581098.6 46.15 3.0
536257.97 6581104.08 46.45 0.0
536253.31 6581099.31 46.59 1.0
536256.21 6581101.15 48.73 2.0
536261.38 6581103.4 48.41 0.0
536255.98 6581099.23 48.81 2.0
536259.05 6581101.52 48.84 2.0
536260.42 6581100.8 48.59 3.0
536260.16 6581098.62 47.58 3.0
536258.62 6581096.47 47.26 3.0
536259.54 6581104.32 47.08 0.0
536258.47 6581105.3 46.09 0.0
536253.04 6581097.48 47.37 1.0
536258.14 6581103.14 46.97 0.0
536258.37 6581101.79 48.78 2.0
536254.39 6581098.25 47.65 1.0
536254.66 6581100.32 48.7 2.0
536258.55 6581104.98 46.3 0.0
536257.63 6581095.96 47.44 3.0
536258.21 6581105.03 46.13 0.0
536255.94 6581094.57 47.57 3.0
536262.23 6581100.23 47.39 3.0
536259.84 6581098.45 47.61 3.0
536254.97 6581098.74 48.79 2.0
536253.74 6581096.75 48.06 1.0
536259.91 6581104.83 46.99 0.0
536260.21 6581096.89 46.71 3.0
536257.91 6581099.31 48.92 2.0
536257.83 6581100.77 48.81 2.0
536253.4 6581097.46 47.56 1.0
536258.72 6581094.89 46.43 3.0
536260.37 6581104.41 47.46 0.0
536260.89 6581100.29 48.02 3.0
536260.4 6581097.58 46.97 3.0
536262.9 6581099.7 46.82 3.0
536257.56 6581094.32 46.68 3.0
536259.96 6581103.88 47.5 0.0
536260.57 6581101.83 48.87 0.0
536259.37 6581098.73 48.04 3.0
536257.21 6581093.09 46.27 3.0
536258.11 6581094.03 46.26 3.0
536255.42 6581097.96 48.84 2.0
536261.36 6581098.69 47.03 3.0
536259.55 6581097.33 47.19 3.0
536256.45 6581101.05 48.74 2.0
536259.65 6581101.6 48.53 0.0
536259.12 6581102.67 47.72 0.0
536255.48 6581095.37 48.21 3.0
536262.52 6581100.08 47.19 3.0
536256.77 6581103.31 48.64 2.0
536258.2 6581095.73 47.08 3.0
536262.12 6581097.7 46.22 3.0
536260.2 6581104.81 47.15 0.0
536261.73 6581103.56 48.58 0.0
536255.05 6581099.55 48.76 2.0
536253.76 6581098.86 47.04 1.0
536260.21 6581099.9 48.16 3.0
536257.84 6581093.18 45.99 3.0
536257.8 6581095.44 47.1 3.0
536263.33 6581100.97 47.27 3.0
536260.02 6581100.14 48.4 3.0
536264.3 6581100.38 46.5 3.0
536259.02 6581099.13 48.36 3.0
536257.61 6581093.65 46.31 3.0
536256.25 6581095.77 48.01 3.0
536255.53 6581101.4 48.68 2.0
536257.82 6581101.24 48.82 2.0
536254.28 6581096.54 48.42 1.0
536255.86 6581095.16 47.92 3.0
536255.07 6581101.67 48.65 2.0
536256.07 6581097.67 48.9 2.0
536257.1 6581098.64 48.91 2.0
536260.38 6581098.69 47.51 3.0
536254.4 6581096.24 48.66 1.0
536258.26 6581097.9 48.14 3.0
536264.31 6581099.42 46.0 3.0
536255.59 6581094.83 47.86 3.0
536258.48 6581097.04 47.59 3.0
536261.49 6581100.23 47.75 3.0
536258.92 6581102.53 47.69 0.0
536255.63 6581094.78 47.86 3.0
536257.68 6581101.8 48.77 2.0
536261.88 6581097.58 46.26 3.0
536253.64 6581100.63 48.62 2.0
536258.29 6581102.57 48.75 2.0
536261.96 6581097.28 46.07 3.0
536257.06 6581095.29 47.33 3.0
536253.63 6581098.94 46.96 1.0
536256.08 6581093.96 47.21 3.0
536261.27 6581102.51 48.87 0.0
536258.22 6581104.88 46.22 0.0
536256.4 6581094.12 47.15 3.0
536259.72 6581102.33 48.19 0.0
536260.62 6581103.83 47.84 0.0
536254.41 6581099.38 48.71 2.0
536255.79 6581095.46 48.09 3.0
536252.9 6581097.75 47.17 1.0
536260.75 6581096.16 46.1 3.0
536259.98 6581105.12 46.9 0.0
536258.61 6581098.61 48.33 3.0
536255.83 6581099.66 48.78 2.0
536259.89 6581102.53 48.16 0.0
536258.8 6581098.31 48.05 3.0
536255.79 6581102.37 48.66 2.0
536261.27 6581102.51 48.87 0.0
536256.84 6581094.41 47.04 3.0
536256.77 6581097.81 48.79 3.0
536257.72 6581094.64 46.78 3.0
536256.31 6581096.03 48.11 3.0
536258.83 6581100.66 48.88 2.0
536263.27 6581099.77 46.68 3.0
536256.49 6581101.11 48.77 2.0
536253.63 6581099.76 48.67 2.0
536257.14 6581093.41 46.43 3.0
536262.16 6581101.45 48.05 3.0
536256.64 6581096.83 48.42 3.0
536256.29 6581094.45 47.37 3.0
536261.0 6581100.13 47.94 3.0
536261.95 6581101.78 48.32 3.0
536252.07 6581099.15 46.1 1.0
536256.24 6581102.84 48.66 2.0
536259.7 6581103.68 47.48 0.0
536257.71 6581097.69 48.29 3.0
536252.46 6581098.63 46.52 1.0
536253.2 6581098.11 47.15 1.0
536256.7 6581097.77 48.8 3.0
536257.51 6581097.03 48.03 3.0
536259.65 6581095.43 46.29 3.0
536262.98 6581100.68 47.27 3.0
536259.48 6581097.03 47.1 3.0
536261.13 6581095.97 45.74 3.0
536255.49 6581102.6 48.63 2.0
536257.93 6581096.83 47.77 3.0
536262.17 6581097.5 46.07 3.0
536255.53 6581101.4 48.68 2.0
536259.3 6581101.3 48.87 2.0
536257.59 6581097.32 48.13 3.0
536264.06 6581100.66 46.78 3.0
536253.27 6581099.41 46.52 1.0
536256.69 6581097.51 48.67 3.0
536254.65 6581101.03 48.67 2.0
536258.56 6581098.28 48.2 3.0
536259.39 6581103.62 47.37 0.0
536254.93 6581095.21 48.41 3.0
536257.92 6581092.88 45.83 3.0
536259.15 6581104.61 46.77 0.0
536260.96 6581101.25 48.52 3.0
536260.29 6581102.57 48.31 0.0
536262.59 6581099.78 46.99 3.0
536257.35 6581101.69 48.76 2.0
536262.94 6581098.39 46.15 3.0
536260.38 6581101.55 48.93 0.0
536263.4 6581098.08 45.8 3.0
536260.55 6581096.29 46.2 3.0
536256.01 6581096.46 48.52 3.0
536259.3 6581105.29 46.47 0.0
536253.22 6581097.36 47.52 1.0
536254.99 6581097.98 48.83 2.0
536259.48 6581102.28 48.08 0.0
536257.44 6581099.27 48.87 2.0
536261.06 6581098.24 46.96 3.0
536263.03 6581099.79 46.78 3.0
536256.39 6581096.31 48.21 3.0
536264.02 6581099.29 46.1 3.0
536262.75 6581100.29 47.17 3.0
536258.49 6581094.6 46.37 3.0
536257.29 6581094.25 46.78 3.0
536256.22 6581094.75 47.54 3.0
536256.64 6581096.83 48.42 3.0
536259.06 6581094.74 46.18 3.0
536259.72 6581102.33 48.19 0.0
536257.59 6581097.32 48.13 3.0
536258.56 6581094.31 46.22 3.0
536252.8 6581097.98 47.02 1.0
536254.99 6581095.37 48.46 3.0
536263.04 6581099.13 46.46 3.0
536256.02 6581100.48 48.77 2.0
536259.91 6581104.83 46.99 0.0
536256.22 6581095.64 47.99 3.0
536259.37 6581098.98 48.13 3.0
536256.85 6581095.99 47.85 3.0
536255.53 6581101.4 48.68 2.0
536257.47 6581093.07 46.09 3.0
536258.73 6581103.2 47.23 0.0
536258.38 6581097.72 47.97 3.0
536256.2 6581098.61 48.85 2.0
536260.96 6581097.33 46.57 3.0
536257.61 6581093.65 46.31 3.0
536260.58 6581101.35 48.76 3.0
536259.13 6581101.19 48.87 2.0
536256.4 6581103.47 48.63 2.0
536261.64 6581097.97 46.53 3.0
536256.31 6581103.14 48.64 2.0
536258.57 6581100.92 48.87 2.0
536252.29 6581097.99 46.72 1.0
536252.75 6581098.41 46.78 1.0
536255.79 6581102.37 48.66 2.0
536261.27 6581104.09 48.03 0.0
536256.9 6581100.95 49.05 2.0
536260.99 6581098.02 46.87 3.0
536261.29 6581098.98 47.2 3.0
536259.62 6581100.67 48.92 3.0
536256.91 6581103.31 48.66 2.0
536260.74 6581101.97 48.9 0.0
536258.18 6581099.65 48.91 2.0
536257.8 6581098.16 48.47 3.0
536256.01 6581094.59 47.57 3.0
536259.95 6581100.39 48.59 3.0
536255.87 6581102.06 48.69 2.0
536260.61 6581100.38 48.23 3.0
536256.97 6581100.67 48.8 2.0
536258.49 6581100.84 48.85 2.0
536260.7 6581099.66 47.83 3.0
536257.12 6581100.77 48.8 2.0
536261.13 6581102.42 48.84 0.0
536256.92 6581103.92 48.63 2.0
536258.38 6581104.08 46.66 0.0
536258.42 6581098.83 48.54 3.0
536259.66 6581105.39 46.61 0.0
536253.63 6581099.76 48.67 2.0
536258.66 6581105.58 46.05 0.0
536260.24 6581095.07 45.82 3.0
536258.76 6581095.91 46.9 3.0
536254.34 6581099.07 48.73 2.0
536256.48 6581098.3 48.87 2.0
536262.31 6581102.05 48.29 3.0
536261.42 6581101.91 48.7 3.0
536257.65 6581094.84 46.9 3.0
536255.45 6581100.15 48.75 2.0
536264.02 6581099.29 46.1 3.0
536262.52 6581100.02 47.11 3.0
536260.81 6581099.97 47.92 3.0
536254.47 6581097.07 48.27 1.0
536255.04 6581101.82 48.64 2.0
536258.63 6581103.21 47.2 0.0
536259.48 6581102.28 48.08 0.0
536255.0 6581094.95 48.25 3.0
536254.09 6581096.1 48.58 1.0
536261.02 6581096.14 45.97 3.0
536260.17 6581100.48 48.51 3.0
536264.12 6581099.87 46.38 3.0
536259.22 6581100.87 48.9 2.0
536261.11 6581103.16 48.45 0.0
536263.13 6581100.32 47.05 3.0
536254.74 6581100.64 48.68 2.0
536255.31 6581094.67 47.98 3.0
536256.95 6581093.33 46.49 3.0
536261.76 6581100.55 47.79 3.0
536259.22 6581102.31 47.94 0.0
536256.76 6581094.11 46.95 3.0
536257.63 6581094.03 46.5 3.0
536259.9 6581099.55 48.17 3.0
536257.74 6581092.57 45.77 3.0
536256.01 6581096.46 48.52 3.0
536261.18 6581100.39 47.97 3.0
536258.8 6581094.41 46.11 3.0
536257.92 6581092.88 45.83 3.0
536257.01 6581102.0 48.74 2.0
536259.6 6581099.86 48.47 3.0
536255.94 6581095.88 48.23 3.0
536255.3 6581099.22 48.78 2.0
536256.1 6581101.16 48.73 2.0
536256.1 6581100.18 48.78 2.0
536257.47 6581093.07 46.09 3.0
536255.53 6581099.81 48.76 2.0
536260.96 6581101.25 48.52 3.0
536256.22 6581095.64 47.99 3.0
536260.38 6581099.49 47.88 3.0
536259.89 6581095.68 46.26 3.0
536252.47 6581099.64 46.05 1.0
536263.4 6581098.08 45.8 3.0
536258.34 6581095.16 46.73 3.0
536257.48 6581095.4 47.25 3.0
536260.29 6581097.94 47.16 3.0
536254.79 6581096.75 48.58 1.0
536259.07 6581103.93 47.03 0.0
536259.66 6581105.39 46.61 0.0
536255.03 6581100.39 48.73 2.0
536262.9 6581097.73 45.8 3.0
536254.3 6581097.72 47.91 1.0
536255.77 6581097.14 48.95 2.0
536263.62 6581098.35 45.8 3.0
536259.74 6581100.44 48.72 3.0
536256.16 6581095.45 47.89 3.0
536262.4 6581097.99 46.21 3.0
536257.22 6581096.65 48.01 3.0
536262.84 6581101.48 47.79 3.0
536258.88 6581102.22 47.84 0.0
536261.11 6581101.15 48.37 3.0
536256.5 6581094.52 47.28 3.0
536257.07 6581095.11 47.3 3.0
536258.43 6581099.09 48.66 3.0
536259.79 6581094.87 45.95 3.0
536256.71 6581100.79 48.78 2.0
536252.8 6581097.98 47.02 1.0
536254.68 6581101.73 48.63 2.0
536254.85 6581095.52 48.62 3.0
536255.39 6581102.11 48.64 2.0
536261.65 6581099.46 47.23 3.0
536252.95 6581097.37 47.4 1.0
536257.93 6581096.83 47.77 3.0
536254.66 6581098.65 48.79 2.0
536254.91 6581100.25 48.71 2.0
536261.13 6581101.64 48.68 3.0
536260.41 6581103.46 47.93 0.0
536254.28 6581100.19 48.72 2.0
536259.29 6581101.99 48.13 0.0
536253.63 6581098.94 46.96 1.0
536258.63 6581094.03 46.05 3.0
536264.49 6581099.97 46.21 3.0
536259.22 6581097.16 47.32 3.0
536255.76 6581102.31 48.64 2.0
536262.54 6581101.11 47.71 3.0
536253.63 6581096.52 48.14 1.0
536260.55 6581096.29 46.2 3.0
536255.12 6581096.82 48.71 1.0
536260.0 6581105.11 46.91 0.0
536255.75 6581098.34 48.83 2.0
536258.75 6581100.35 48.89 2.0
536257.89 6581095.49 47.12 3.0
536260.8 6581100.95 48.47 3.0
536253.97 6581100.04 48.68 2.0
536261.1 6581099.47 47.51 3.0
536255.87 6581097.03 48.86 3.0
536255.66 6581095.08 47.98 3.0
536259.57 6581098.39 47.73 3.0
536260.08 6581095.89 46.33 3.0
536255.04 6581101.82 48.64 2.0
536258.19 6581101.26 48.82 2.0
536259.1 6581099.45 48.49 3.0
536258.0 6581096.57 47.58 3.0
536262.02 6581101.09 47.97 3.0
536256.77 6581097.81 48.79 3.0
536256.18 6581102.35 48.69 2.0
536259.47 6581094.76 45.99 3.0
536258.98 6581104.18 46.84 0.0
536257.51 6581102.29 48.71 2.0
536258.02 6581104.13 46.44 0.0
536258.63 6581103.21 47.2 0.0
536254.61 6581096.51 48.62 1.0
536255.53 6581099.81 48.76 2.0
536260.12 6581101.92 48.59 0.0
536258.75 6581104.35 46.67 0.0
536257.63 6581095.96 47.44 3.0
536254.65 6581101.03 48.67 2.0
536259.91 6581094.81 45.81 3.0
536260.0 6581096.18 46.48 3.0
536252.99 6581098.07 47.03 1.0
536256.54 6581095.72 47.84 3.0
536260.09 6581099.86 48.24 3.0
536261.22 6581099.27 47.4 3.0
536259.17 6581105.96 46.07 0.0
536263.99 6581100.37 46.66 3.0
536260.66 6581097.56 46.83 3.0
536261.29 6581098.98 47.2 3.0
536256.02 6581100.48 48.77 2.0
536257.59 6581102.14 48.75 2.0
536255.42 6581095.63 48.37 3.0
536260.13 6581103.47 47.82 0.0
536264.24 6581099.12 45.89 3.0
536257.57 6581098.26 48.67 3.0
536257.7 6581096.23 47.54 3.0
536253.88 6581099.91 48.68 2.0
536260.18 6581098.43 47.47 3.0
536258.05 6581100.57 48.85 2.0
536258.66 6581100.59 48.9 2.0
536257.49 6581094.6 46.86 3.0
536261.24 6581100.05 47.75 3.0
536259.88 6581101.67 48.62 0.0
536255.36 6581101.96 48.66 2.0
536261.73 6581103.56 48.58 0.0
536257.66 6581099.15 48.91 2.0
536256.28 6581096.82 48.58 3.0
536260.2 6581095.97 46.24 3.0
536257.69 6581093.95 46.39 3.0
536254.59 6581098.96 48.76 2.0
536261.19 6581101.47 48.49 3.0
536256.28 6581098.3 48.87 2.0
536257.82 6581103.93 46.47 0.0
536254.52 6581101.09 48.64 2.0
536261.65 6581097.54 46.36 3.0
536261.13 6581097.44 46.5 3.0
536257.74 6581103.05 48.7 2.0
536259.78 6581103.34 47.68 0.0
536252.58 6581097.78 47.03 1.0
536259.64 6581096.59 46.82 3.0
536255.91 6581098.3 48.86 2.0
536257.72 6581094.64 46.78 3.0
536257.8 6581095.44 47.1 3.0
536255.9 6581098.92 48.82 2.0
536262.38 6581100.65 47.57 3.0
536260.24 6581104.14 47.51 0.0
536259.28 6581100.58 48.93 2.0
536255.84 6581101.31 48.71 2.0
536259.23 6581098.42 47.91 3.0
536255.87 6581102.06 48.69 2.0
536260.0 6581096.8 46.74 3.0
536256.95 6581099.25 48.88 2.0
536257.14 6581093.41 46.43 3.0
536261.41 6581102.33 48.9 3.0
536260.01 6581100.09 48.37 3.0
536259.57 6581096.31 46.7 3.0
536257.35 6581099.15 48.89 2.0
536260.38 6581099.49 47.88 3.0
536262.12 6581097.7 46.22 3.0
536257.06 6581095.29 47.33 3.0
536262.16 6581101.51 48.11 3.0
536258.95 6581094.96 46.34 3.0
536257.36 6581093.97 46.6 3.0
536253.55 6581098.62 47.08 1.0
536255.93 6581101.65 48.71 2.0
536263.31 6581101.07 47.35 3.0
536254.82 6581095.73 48.73 3.0
536252.96 6581097.15 47.52 1.0
536254.01 6581096.42 48.38 1.0
536254.58 6581101.32 48.65 2.0
536259.14 6581095.97 46.78 3.0
536263.46 6581100.49 46.99 3.0
536260.05 6581101.62 48.72 0.0
536263.28 6581101.86 47.8 3.0
536260.82 6581102.29 48.75 0.0
536259.49 6581096.02 46.61 3.0
536257.82 6581099.66 48.88 2.0
536260.66 6581097.56 46.83 3.0
536256.35 6581097.99 48.9 2.0
536260.74 6581099.71 47.8 3.0
536256.91 6581094.29 46.98 3.0
536262.25 6581102.27 48.46 3.0
536257.04 6581101.61 48.75 2.0
536257.14 6581093.41 46.43 3.0
536261.48 6581101.66 48.5 3.0
536256.5 6581097.41 48.76 3.0
536259.45 6581099.3 48.24 3.0
536263.2 6581100.05 46.86 3.0
536257.68 6581103.31 46.63 0.0
536257.27 6581100.69 48.81 2.0
536257.45 6581096.77 47.95 3.0
536260.4 6581102.53 48.43 0.0
536255.45 6581100.15 48.75 2.0
536259.51 6581098.14 47.67 3.0
536261.56 6581099.94 47.56 3.0
536263.28 6581099.2 46.36 3.0
536255.57 6581098.24 48.85 2.0
536257.7 6581096.23 47.54 3.0
536254.21 6581100.48 48.67 2.0
536261.13 6581102.42 48.84 0.0
536261.71 6581103.29 48.67 0.0
536259.47 6581101.29 48.81 2.0
536258.98 6581101.23 48.85 2.0
536259.06 6581096.26 46.94 3.0
536261.22 6581099.27 47.4 3.0
536259.11 6581095.58 46.55 3.0
536259.72 6581102.93 47.87 0.0
536259.12 6581096.64 47.08 3.0
536255.21 6581100.18 48.72 2.0
536253.73 6581099.33 48.7 2.0
536260.4 6581104.56 47.37 0.0
536258.85 6581098.6 48.19 3.0
536255.18 6581099.81 48.76 2.0
536253.0 6581099.38 46.43 1.0
536261.13 6581101.64 48.68 3.0
536255.29 6581097.57 48.86 2.0
536262.68 6581100.55 47.36 3.0
536252.53 6581097.62 47.05 1.0
536264.3 6581100.38 46.5 3.0
536257.61 6581096.62 47.81 3.0
536258.43 6581099.09 48.66 3.0
536257.11 6581100.08 48.83 2.0
536258.56 6581098.28 48.2 3.0
536257.85 6581102.03 48.75 2.0
536257.73 6581097.87 48.37 3.0
536259.15 6581104.81 46.63 0.0
536256.63 6581099.0 48.87 2.0
536259.49 6581103.21 47.61 0.0
536261.02 6581103.52 48.2 0.0
536255.42 6581095.63 48.37 3.0
536258.62 6581101.7 48.8 2.0
536257.35 6581101.69 48.76 2.0
536264.31 6581099.42 46.0 3.0
536259.45 6581097.42 47.32 3.0
536264.34 6581099.0 45.79 3.0
536260.55 6581096.29 46.2 3.0
536260.79 6581103.13 48.31 0.0
536261.21 6581098.89 47.18 3.0
536263.77 6581101.29 47.3 3.0
536257.2 6581095.75 47.56 3.0
536259.48 6581102.28 48.08 0.0
536257.95 6581093.43 46.06 3.0
536258.29 6581104.58 46.4 0.0
536255.59 6581094.83 47.86 3.0
536258.98 6581095.03 46.37 3.0
536257.72 6581095.13 46.99 3.0
536257.22 6581096.65 48.01 3.0
536257.42 6581098.86 48.9 2.0
536255.57 6581102.29 48.66 2.0
536259.79 6581099.24 48.05 3.0
536257.93 6581104.47 46.24 0.0
536257.66 6581104.58 46.09 0.0
536258.64 6581099.45 48.75 3.0
536256.58 6581103.46 48.62 2.0
536258.21 6581105.03 46.13 0.0
536254.72 6581100.74 48.69 2.0
536260.24 6581095.07 45.82 3.0
536257.54 6581100.83 48.81 2.0
536254.19 6581101.13 48.64 2.0
536258.22 6581098.26 48.33 3.0
536255.8 6581096.42 48.58 3.0
536257.08 6581097.22 48.36 3.0
536255.76 6581098.89 48.82 2.0
536254.31 6581097.91 47.77 1.0
536257.58 6581104.16 46.23 0.0
536253.73 6581099.33 48.7 2.0
536258.97 6581093.99 45.86 3.0
536258.58 6581095.47 46.77 3.0
536256.35 6581097.99 48.9 2.0
536260.12 6581104.49 47.26 0.0
536258.97 6581093.99 45.86 3.0
536258.28 6581095.44 46.91 3.0
536260.99 6581102.23 48.86 0.0
536255.41 6581098.88 48.81 2.0
536264.27 6581100.85 46.8 3.0
536255.97 6581099.5 48.8 2.0
536256.39 6581096.31 48.21 3.0
536259.41 6581102.91 47.73 0.0
536261.91 6581098.55 46.71 3.0
536262.59 6581098.06 46.14 3.0
536254.69 6581096.83 48.5 1.0
536257.93 6581104.47 46.24 0.0
536254.2 6581099.88 48.7 2.0
536258.67 6581104.03 46.81 0.0
536259.65 6581098.69 47.83 3.0
536258.3 6581098.57 48.43 3.0
536257.96 6581102.17 48.76 2.0
536254.01 6581097.86 47.62 1.0
536260.22 6581095.33 45.96 3.0
536258.66 6581100.59 48.9 2.0
536254.19 6581101.13 48.64 2.0
536259.57 6581099.44 48.25 3.0
536256.61 6581102.69 48.66 2.0
536258.22 6581096.89 47.65 3.0
536254.8 6581101.33 48.67 2.0
536259.91 6581104.5 47.17 0.0
536258.22 6581096.89 47.65 3.0
536262.87 6581098.67 46.33 3.0
536260.05 6581103.16 47.92 0.0
536257.91 6581099.31 48.92 2.0
536260.62 6581096.58 46.34 3.0
536258.57 6581100.92 48.87 2.0
536260.74 6581101.97 48.9 0.0
536255.28 6581097.48 48.88 2.0
536253.66 6581096.44 48.19 1.0
536257.29 6581093.43 46.36 3.0
536258.9 6581103.85 46.98 0.0
536259.73 6581101.28 48.72 0.0
536259.63 6581102.66 47.98 0.0
536259.09 6581105.65 46.18 0.0
536255.22 6581096.26 48.78 3.0
536255.03 6581100.39 48.73 2.0
536257.83 6581100.77 48.81 2.0
536261.07 6581099.84 47.73 3.0
536262.26 6581098.56 46.55 3.0
536257.86 6581104.79 46.03 0.0
536256.24 6581102.84 48.66 2.0
536253.15 6581100.01 48.65 2.0
536264.13 6581100.94 46.91 3.0
536253.22 6581097.36 47.52 1.0
536254.06 6581101.07 48.64 2.0
536255.21 6581097.79 48.86 2.0
536254.57 6581100.0 48.69 2.0
536261.54 6581098.96 47.06 3.0
536256.91 6581103.31 48.66 2.0
536258.67 6581104.03 46.81 0.0
536260.23 6581100.95 48.71 3.0
536255.94 6581094.86 47.75 3.0
536253.37 6581098.75 46.91 1.0
536256.01 6581096.46 48.52 3.0
536259.06 6581100.36 48.91 2.0
536261.13 6581097.44 46.5 3.0
536259.31 6581103.95 47.18 0.0
536256.25 6581099.58 48.8 2.0
536256.33 6581097.7 48.91 2.0
536258.14 6581095.98 47.25 3.0
536262.01 6581098.0 46.37 3.0
536251.99 6581098.83 46.22 1.0
536258.73 6581100.28 48.9 2.0
536259.33 6581104.1 47.12 0.0
536260.5 6581103.12 48.17 0.0
536256.47 6581098.66 48.87 2.0
536263.77 6581101.29 47.3 3.0
536261.49 6581097.39 46.34 3.0
536259.41 6581102.91 47.73 0.0
536253.55 6581096.84 47.92 1.0
536258.98 6581104.27 46.84 0.0
536256.7 6581097.77 48.8 3.0
536260.65 6581101.53 48.87 3.0
536253.96 6581098.95 48.74 2.0
536253.37 6581098.75 46.91 1.0
536256.37 6581100.74 48.76 2.0
536258.37 6581101.79 48.78 2.0
536260.32 6581104.91 47.16 0.0
536255.84 6581098.59 48.85 2.0
536255.65 6581097.02 48.93 2.0
536262.8 6581097.96 46.03 3.0
536259.63 6581102.66 47.98 0.0
536263.13 6581098.6 46.15 3.0
536256.33 6581097.7 48.91 2.0
536259.12 6581102.67 47.72 0.0
536259.93 6581097.75 47.25 3.0
536259.25 6581102.26 47.98 0.0
536259.42 6581094.85 46.08 3.0
536255.29 6581100.49 48.72 2.0
536258.66 6581105.58 46.05 0.0
536260.73 6581097.29 46.63 3.0
536256.78 6581095.58 47.65 3.0
536254.65 6581101.03 48.67 2.0
536254.08 6581097.54 47.81 1.0
536259.77 6581100.1 48.54 3.0
536259.81 6581100.98 48.93 2.0
536259.22 6581100.87 48.9 2.0
536257.7 6581096.23 47.54 3.0
536257.06 6581093.7 46.64 3.0
536264.31 6581099.42 46.0 3.0
536256.85 6581103.63 48.65 2.0
536260.77 6581104.52 47.59 0.0
536255.22 6581101.07 48.7 2.0
536259.08 6581103.13 47.45 0.0
536258.67 6581104.03 46.81 0.0
536259.11 6581095.58 46.55 3.0
536255.26 6581098.57 48.8 2.0
536257.51 6581095.5 47.31 3.0
536261.49 6581100.23 47.75 3.0
536259.77 6581095.91 46.39 3.0
536256.69 6581101.99 48.71 2.0
536258.1 6581103.81 46.63 0.0
536260.46 6581103.22 48.07 0.0
536258.11 6581094.03 46.26 3.0
536263.26 6581098.26 45.96 3.0
536260.82 6581102.29 48.75 0.0
536260.53 6581099.06 47.61 3.0
536260.27 6581096.23 46.35 3.0
536255.73 6581095.38 48.1 3.0
536254.79 6581096.75 48.58 1.0
536256.17 6581099.89 48.8 2.0
536264.34 6581099.0 45.79 3.0
536260.91 6581097.71 46.76 3.0
536260.79 6581103.13 48.31 0.0
536256.83 6581096.88 48.32 3.0
536257.5 6581099.76 48.86 2.0
536260.89 6581100.29 48.02 3.0
536259.97 6581099.27 47.98 3.0
536258.2 6581099.72 48.89 2.0
536262.16 6581100.53 47.58 3.0
536257.21 6581103.68 48.63 2.0
536261.0 6581100.13 47.94 3.0
536263.41 6581099.19 46.33 3.0
536259.91 6581104.83 46.99 0.0
536259.17 6581105.96 46.07 0.0
536262.25 6581102.27 48.46 3.0
536257.94 6581093.79 46.27 3.0
536259.13 6581094.59 46.07 3.0
536257.53 6581100.83 48.82 2.0
536259.43 6581096.29 46.8 3.0
536262.37 6581099.69 47.06 3.0
536257.27 6581101.36 48.79 2.0
536258.3 6581103.77 46.77 0.0
536257.27 6581101.36 48.79 2.0
536253.63 6581097.63 47.58 1.0
536257.69 6581093.95 46.39 3.0
536260.58 6581097.44 46.8 3.0
536259.93 6581098.0 47.37 3.0
536256.72 6581099.24 48.83 2.0
536259.11 6581095.58 46.55 3.0
536257.88 6581098.47 48.59 3.0
536258.03 6581093.74 46.18 3.0
536257.89 6581103.77 46.55 0.0
536258.03 6581101.87 48.78 2.0
536256.02 6581100.48 48.77 2.0
536258.67 6581100.01 48.9 2.0
536261.84 6581098.84 46.88 3.0
536260.26 6581098.14 47.28 3.0
536262.37 6581099.43 46.88 3.0
536260.57 6581103.88 47.81 0.0
536258.22 6581104.88 46.22 0.0
536258.73 6581105.28 46.23 0.0
536264.78 6581099.79 45.99 3.0
536255.07 6581101.67 48.65 2.0
536254.75 6581099.65 48.73 2.0
536258.08 6581093.24 45.95 3.0
536257.62 6581101.13 48.78 2.0
536261.42 6581100.51 47.93 3.0
536259.62 6581097.59 47.31 3.0
536260.29 6581097.94 47.16 3.0
536263.11 6581098.84 46.29 3.0
536254.79 6581096.75 48.58 1.0
536258.8 6581098.31 48.05 3.0
536257.89 6581095.49 47.12 3.0
536257.1 6581098.64 48.91 2.0
536256.73 6581102.85 48.68 2.0
536259.48 6581102.0 48.23 0.0
536254.81 6581098.62 48.79 2.0
536252.46 6581098.63 46.52 1.0
536258.81 6581103.95 46.93 0.0
536260.78 6581099.36 47.68 3.0
536256.03 6581096.53 48.52 3.0
536259.36 6581100.29 48.79 3.0
536254.68 6581099.37 48.74 2.0
536256.41 6581096.29 48.22 3.0
536260.72 6581098.01 46.99 3.0
536259.88 6581100.68 48.8 3.0
536257.66 6581104.58 46.09 0.0
536259.92 6581096.49 46.63 3.0
536259.7 6581095.64 46.28 3.0
536253.09 6581100.09 48.64 2.0
536256.56 6581100.81 48.79 2.0
536259.67 6581096.55 46.77 3.0
536257.13 6581096.03 47.74 3.0
536259.35 6581097.53 47.39 3.0
536258.22 6581098.26 48.33 3.0
536263.35 6581099.48 46.47 3.0
536260.94 6581103.84 47.99 0.0
536260.11 6581098.72 47.66 3.0
536255.19 6581098.87 48.8 2.0
536260.16 6581098.62 47.58 3.0
536257.52 6581102.44 48.74 2.0
536257.64 6581092.85 45.92 3.0
536258.3 6581103.77 46.77 0.0
536257.36 6581093.97 46.6 3.0
536254.34 6581098.53 48.78 2.0
536257.06 6581097.76 48.65 3.0
536258.79 6581094.62 46.28 3.0
536255.72 6581101.68 48.68 2.0
536259.3 6581105.29 46.47 0.0
536257.67 6581099.09 48.89 2.0
536255.09 6581095.54 48.52 3.0
536261.98 6581098.26 46.54 3.0
536254.27 6581098.83 48.76 2.0
536256.24 6581094.55 47.44 3.0
536262.31 6581100.58 47.51 3.0
536254.06 6581101.07 48.64 2.0
536260.91 6581096.55 46.18 3.0
536257.44 6581102.74 48.7 2.0
536260.4 6581102.53 48.43 0.0
536255.97 6581099.5 48.8 2.0
536255.88 6581095.95 48.31 3.0
536260.32 6581102.84 48.23 0.0
536257.47 6581093.07 46.09 3.0
536253.9 6581097.37 47.83 1.0
536261.82 6581097.83 46.4 3.0
536261.81 6581101.22 48.1 3.0
536259.45 6581097.42 47.32 3.0
536258.71 6581105.36 46.18 0.0
536255.55 6581095.09 48.03 3.0
536257.54 6581093.37 46.19 3.0
536260.02 6581100.14 48.4 3.0
536259.65 6581098.69 47.83 3.0
536259.81 6581102.22 48.3 0.0
536258.72 6581094.89 46.43 3.0
536255.14 6581095.97 48.66 3.0
536263.33 6581097.98 45.77 3.0
536260.62 6581102.5 48.57 0.0
536256.94 6581101.71 48.77 2.0
536259.07 6581103.93 47.03 0.0
536257.59 6581097.32 48.13 3.0
536258.19 6581103.47 46.8 0.0
536255.22 6581096.26 48.78 3.0
536254.55 6581097.72 47.95 1.0
536261.5 6581098.89 47.03 3.0
536256.09 6581095.14 47.79 3.0
536257.19 6581099.78 48.86 2.0
536262.23 6581100.23 47.39 3.0
536261.17 6581099.76 47.63 3.0
536258.55 6581104.98 46.3 0.0
536262.74 6581098.64 46.36 3.0
536264.27 6581099.29 46.02 3.0
536261.8 6581100.03 47.45 3.0
536260.44 6581098.55 47.38 3.0
536258.19 6581101.26 48.82 2.0
536256.68 6581102.99 48.65 2.0
536261.04 6581100.96 48.34 3.0
536258.46 6581104.39 46.55 0.0
536262.25 6581102.27 48.46 3.0
536261.43 6581103.44 48.44 0.0
536262.59 6581098.82 46.53 3.0
536256.77 6581102.31 48.71 2.0
536263.14 6581101.29 47.51 3.0
536258.42 6581102.5 47.39 0.0
536255.93 6581101.65 48.71 2.0
536257.43 6581094.0 46.56 3.0
536258.59 6581097.45 47.72 3.0
536263.33 6581100.97 47.27 3.0
536262.09 6581101.19 47.92 3.0
536257.94 6581095.98 47.32 3.0
536259.7 6581095.64 46.28 3.0
536258.46 6581098.03 48.1 3.0
536261.41 6581102.33 48.9 3.0
536255.5 6581096.6 48.82 3.0
536256.2 6581097.12 48.77 3.0
536263.05 6581100.63 47.23 3.0
536258.38 6581093.72 45.96 3.0
536262.05 6581103.23 48.9 0.0
536254.74 6581100.64 48.68 2.0
536261.28 6581097.37 46.45 3.0
536261.73 6581097.24 46.18 3.0
536253.63 6581097.63 47.58 1.0
536257.43 6581094.0 46.56 3.0
536260.29 6581097.94 47.16 3.0
536256.99 6581095.0 47.26 3.0
536263.28 6581099.2 46.36 3.0
536255.03 6581100.39 48.73 2.0
536254.25 6581096.88 48.23 1.0
536253.42 6581100.2 48.65 2.0
536260.46 6581104.74 47.35 0.0
536259.97 6581101.32 48.81 0.0
536260.03 6581102.37 48.31 0.0
536259.2 6581096.92 47.16 3.0
536255.21 6581097.26 48.69 1.0
536253.4 6581097.46 47.56 1.0
536258.51 6581097.15 47.59 3.0
536261.86 6581096.7 45.86 3.0
536261.78 6581097.12 46.06 3.0
536261.25 6581100.1 47.79 3.0
536264.08 6581099.5 46.19 3.0
536260.77 6581104.52 47.59 0.0
536252.86 6581098.61 46.71 1.0
536261.65 6581099.46 47.23 3.0
536256.94 6581101.71 48.77 2.0
536259.81 6581095.98 46.45 3.0
536258.87 6581098.58 48.16 3.0
536258.59 6581099.71 48.89 3.0
536256.55 6581094.71 47.36 3.0
536257.44 6581099.27 48.87 2.0
536257.52 6581102.44 48.74 2.0
536261.06 6581098.24 46.96 3.0
536262.9 6581101.49 47.75 3.0
536259.65 6581101.6 48.53 0.0
536256.4 6581103.47 48.63 2.0
536254.97 6581098.74 48.79 2.0
536255.23 6581098.93 48.79 2.0
536260.12 6581104.49 47.26 0.0
536260.07 6581097.47 47.05 3.0
536262.54 6581101.11 47.71 3.0
536257.82 6581103.93 46.47 0.0
536256.92 6581103.92 48.63 2.0
536257.07 6581095.11 47.3 3.0
536256.71 6581098.68 48.88 2.0
536259.17 6581105.96 46.07 0.0
536258.22 6581103.44 46.88 0.0
536259.57 6581098.39 47.73 3.0
536255.87 6581097.03 48.86 3.0
536258.28 6581095.44 46.91 3.0
536262.16 6581101.51 48.11 3.0
536255.9 6581099.79 48.78 2.0
536261.74 6581102.22 48.69 3.0
536258.13 6581100.86 48.85 2.0
536260.39 6581099.62 47.97 3.0
536257.59 6581102.14 48.75 2.0
536254.99 6581095.37 48.46 3.0
536262.04 6581099.42 47.07 3.0
536258.21 6581105.03 46.13 0.0
536255.63 6581094.78 47.86 3.0
536263.92 6581098.9 45.94 3.0
536258.95 6581094.96 46.34 3.0
536257.64 6581092.85 45.92 3.0
536261.79 6581096.98 46.02 3.0
536260.6 6581098.77 47.42 3.0
536260.87 6581098.58 47.2 3.0
536261.65 6581097.54 46.36 3.0
536253.82 6581097.07 47.95 1.0
536260.4 6581102.53 48.43 0.0
536252.83 6581098.75 46.64 1.0
536256.49 6581095.97 48.02 3.0
536260.98 6581102.9 48.53 0.0
536259.67 6581100.14 48.59 3.0
536260.39 6581095.68 45.99 3.0
536257.67 6581096.35 47.64 3.0
536260.77 6581097.15 46.56 3.0
536253.64 6581100.63 48.62 2.0
536260.88 6581096.68 46.3 3.0
536256.77 6581097.81 48.79 3.0
536256.69 6581093.84 46.82 3.0
536256.29 6581101.45 48.87 2.0
536255.87 6581097.03 48.86 3.0
536260.05 6581095.37 46.01 3.0
536258.83 6581104.66 46.58 0.0
536258.19 6581103.47 46.8 0.0
536257.22 6581094.53 46.95 3.0
536262.53 6581101.45 47.9 3.0
536256.77 6581103.31 48.64 2.0
536256.57 6581097.13 48.58 3.0
536255.9 6581099.95 48.75 2.0
536261.69 6581101.78 48.48 3.0
536258.42 6581098.83 48.54 3.0
536259.86 6581098.28 47.56 3.0
536258.3 6581093.4 45.87 3.0
536253.68 6581097.74 47.54 1.0
536260.23 6581098.9 47.67 3.0
536257.24 6581098.06 48.71 3.0
536254.53 6581097.52 48.06 1.0
536262.8 6581097.96 46.03 3.0
536262.16 6581100.53 47.58 3.0
536264.39 6581099.7 46.08 3.0
536260.54 6581102.17 48.7 0.0
536260.8 6581098.3 47.1 3.0
536257.24 6581104.12 46.09 0.0
536254.95 6581096.09 48.88 3.0
536256.06 6581100.57 48.73 2.0
536255.68 6581099.06 48.77 2.0
536259.84 6581096.2 46.52 3.0
536258.43 6581099.09 48.66 3.0
536255.57 6581097.33 48.89 2.0
536258.08 6581093.24 45.95 3.0
536255.6 6581101.01 48.72 2.0
536256.78 6581095.58 47.65 3.0
536259.91 6581094.81 45.81 3.0
536258.5 6581101.21 48.84 2.0
536254.9 6581096.03 48.83 3.0
536262.98 6581100.68 47.27 3.0
536256.01 6581095.59 48.05 3.0
536257.68 6581103.31 46.63 0.0
536257.59 6581103.66 46.45 0.0
536255.59 6581097.72 48.88 2.0
536254.96 6581100.7 48.7 2.0
536253.89 6581100.35 48.66 2.0
536252.62 6581099.25 46.28 1.0
536251.85 6581098.88 46.1 1.0
536256.69 6581093.84 46.82 3.0
536261.03 6581097.06 46.38 3.0
536259.22 6581097.16 47.32 3.0
536259.69 6581097.87 47.4 3.0
536256.98 6581097.47 48.55 3.0
536261.33 6581102.02 48.74 3.0
536254.23 6581097.6 47.88 1.0
536257.54 6581093.37 46.19 3.0
536257.8 6581095.44 47.1 3.0
536261.15 6581099.55 47.56 3.0
536256.58 6581103.46 48.62 2.0
536263.28 6581099.2 46.36 3.0
536257.94 6581093.79 46.27 3.0
536262.22 6581101.26 47.95 3.0
536257.34 6581092.57 45.96 3.0
536260.89 6581101.53 48.72 3.0
536257.15 6581096.94 48.22 3.0
536256.47 6581098.66 48.87 2.0
536258.97 6581096.04 46.84 3.0
536255.77 6581094.23 47.52 3.0
536257.19 6581094.22 46.81 3.0
536254.75 6581099.65 48.73 2.0
536259.13 6581101.19 48.87 2.0
536261.86 6581096.7 45.86 3.0
536259.97 6581095.08 45.92 3.0
536261.26 6581101.75 48.63 3.0
536253.98 6581096.64 48.23 1.0
536258.19 6581103.47 46.8 0.0
536258.41 6581100.36 48.88 2.0
536256.8 6581099.55 48.85 2.0
536255.21 6581100.18 48.72 2.0
536256.08 6581093.96 47.21 3.0
536254.75 6581099.65 48.73 2.0
536257.84 6581094.51 46.62 3.0
536258.36 6581096.55 47.37 3.0
536255.23 6581098.93 48.79 2.0
536261.49 6581097.39 46.34 3.0
536261.48 6581101.66 48.5 3.0
536255.31 6581100.73 48.7 2.0
536257.94 6581093.79 46.27 3.0
536260.32 6581095.39 45.9 3.0
536263.52 6581101.27 47.36 3.0
536260.15 6581100.66 48.59 3.0
536257.58 6581099.43 48.88 2.0
536256.35 6581103.16 48.65 2.0
536256.72 6581099.24 48.83 2.0
536259.48 6581102.28 48.08 0.0
536259.24 6581103.26 47.48 0.0
536259.52 6581097.13 47.14 3.0
536255.22 6581101.47 48.66 2.0
536257.35 6581101.69 48.76 2.0
536256.42 6581102.85 48.65 2.0
536259.48 6581100.95 48.9 2.0
536257.15 6581096.94 48.22 3.0
536252.29 6581098.59 46.46 1.0
536261.04 6581100.96 48.34 3.0
536255.73 6581095.38 48.1 3.0
536258.54 6581098.33 48.2 3.0
536257.95 6581098.74 48.69 3.0
536258.76 6581095.91 46.9 3.0
536254.95 6581097.5 48.35 1.0
536252.69 6581099.26 46.3 1.0
536257.73 6581098.85 48.91 3.0
536259.06 6581094.74 46.18 3.0
536258.07 6581096.28 47.4 3.0
536261.68 6581098.41 46.74 3.0
536254.04 6581099.74 48.69 2.0
536259.31 6581105.44 46.39 0.0
536256.45 6581101.05 48.74 2.0
536261.33 6581100.37 47.88 3.0
536255.11 6581100.1 48.74 2.0
536254.96 6581099.8 48.75 2.0
536261.62 6581101.52 48.35 3.0
536262.05 6581103.23 48.9 0.0
536256.77 6581103.31 48.64 2.0
536258.98 6581100.07 48.89 3.0
536258.14 6581103.14 46.97 0.0
536264.05 6581100.15 46.55 3.0
536256.46 6581095.44 47.76 3.0
536260.11 6581102.04 48.52 0.0
536253.96 6581099.1 48.75 2.0
536262.36 6581097.17 45.77 3.0
536258.98 6581101.23 48.85 2.0
536255.42 6581095.63 48.37 3.0
536258.73 6581100.28 48.9 2.0
536261.88 6581097.58 46.26 3.0
536257.36 6581093.97 46.6 3.0
536258.92 6581102.53 47.69 0.0
536256.25 6581099.58 48.8 2.0
536257.29 6581093.43 46.36 3.0
536257.81 6581092.87 45.83 3.0
536257.58 6581099.43 48.88 2.0
536257.67 6581096.35 47.64 3.0
536256.57 6581102.25 48.72 2.0
536256.02 6581101.46 48.72 2.0
536257.76 6581094.23 46.52 3.0
536261.13 6581101.64 48.68 3.0
536256.15 6581094.02 47.23 3.0
536257.8 6581098.16 48.47 3.0
536260.99 6581102.23 48.86 0.0
536258.2 6581099.72 48.89 2.0
536260.25 6581100.19 48.3 3.0
536255.94 6581100.8 48.75 2.0
536257.08 6581103.5 48.66 2.0
536263.18 6581098.55 46.12 3.0
536261.52 6581103.1 48.66 0.0
536261.34 6581100.8 48.09 3.0
536257.68 6581100.19 48.86 2.0
536257.08 6581097.22 48.36 3.0
536255.94 6581094.86 47.75 3.0
536254.5 6581101.65 48.61 2.0
536252.4 6581099.61 46.05 1.0
536258.82 6581103.53 47.12 0.0
536257.01 6581102.0 48.74 2.0
536259.2 6581094.88 46.17 3.0
536259.32 6581102.94 47.67 0.0
536255.67 6581100.72 48.74 2.0
536259.49 6581103.21 47.61 0.0
536254.68 6581099.37 48.74 2.0
536261.42 6581100.51 47.93 3.0
536252.47 6581099.29 46.25 1.0
536255.16 6581095.25 48.33 3.0
536252.9 6581097.75 47.17 1.0
536259.14 6581097.43 47.5 3.0
536258.28 6581095.44 46.91 3.0
536263.84 6581099.81 46.44 3.0
536259.41 6581104.44 46.97 0.0
536262.82 6581099.99 47.01 3.0
536253.02 6581097.96 47.1 1.0
536259.65 6581099.13 48.07 3.0
536254.53 6581097.52 48.06 1.0
536263.13 6581098.6 46.15 3.0
536255.06 6581100.86 48.66 2.0
536254.79 6581096.75 48.58 1.0
536260.32 6581099.9 48.12 3.0
536261.11 6581096.77 46.21 3.0
536259.2 6581096.92 47.16 3.0
536263.79 6581101.19 47.2 3.0
536262.38 6581102.33 48.41 3.0
536251.94 6581098.55 46.3 1.0
536263.84 6581101.02 47.1 3.0
536259.98 6581099.02 47.83 3.0
536259.72 6581098.96 47.93 3.0
536263.03 6581102.2 48.1 3.0
536259.5 6581096.03 46.62 3.0
536259.96 6581103.88 47.5 0.0
536259.43 6581096.29 46.8 3.0
536253.65 6581099.29 48.72 2.0
536258.98 6581101.23 48.85 2.0
536261.65 6581103.26 48.67 0.0
536263.48 6581101.54 47.53 3.0
536257.59 6581102.62 48.72 2.0
536258.04 6581100.33 48.86 2.0
536262.47 6581101.39 47.92 3.0
536260.62 6581102.5 48.57 0.0
536255.72 6581101.68 48.68 2.0
536258.21 6581101.19 48.82 2.0
536262.96 6581099.51 46.67 3.0
536260.09 6581099.86 48.24 3.0
536259.94 6581095.43 46.1 3.0
536257.68 6581103.31 46.63 0.0
536256.61 6581096.02 47.96 3.0
536260.72 6581101.24 48.67 3.0
536257.0 6581095.42 47.48 3.0
536260.0 6581105.11 46.91 0.0
536258.92 6581097.22 47.47 3.0
536259.93 6581099.79 48.25 3.0
536262.75 6581102.35 48.25 3.0
536253.57 6581099.59 48.69 2.0
536256.36 6581095.07 47.63 3.0
536261.82 6581097.83 46.4 3.0
536258.82 6581095.47 46.64 3.0
536259.72 6581097.3 47.15 3.0
536258.12 6581104.69 46.24 0.0
536263.55 6581098.62 46.01 3.0
536254.97 6581098.74 48.79 2.0
536261.13 6581097.44 46.5 3.0
536257.07 6581098.98 48.88 2.0
536256.89 6581093.07 46.36 3.0
536260.96 6581103.8 48.05 0.0
536257.78 6581093.46 46.14 3.0
536255.03 6581100.39 48.73 2.0
536258.97 6581093.99 45.86 3.0
536257.67 6581096.35 47.64 3.0
536253.47 6581098.32 47.17 1.0
536255.43 6581096.89 48.85 1.0
536257.83 6581100.77 48.81 2.0
536259.47 6581101.29 48.81 2.0
536254.14 6581100.76 48.67 2.0
536255.68 6581102.01 48.64 2.0
536256.02 6581094.89 47.68 3.0
536258.92 6581096.83 47.3 3.0
536254.72 6581101.65 48.63 2.0
536255.46 6581102.4 48.63 2.0
536255.98 6581099.23 48.81 2.0
536255.16 6581095.25 48.33 3.0
536255.05 6581098.44 48.81 2.0
536261.5 6581098.89 47.03 3.0
536258.72 6581094.08 46.02 3.0
536258.17 6581094.3 46.38 3.0
536256.5 6581097.41 48.76 3.0
536261.44 6581098.39 46.85 3.0
536259.43 6581097.82 47.51 3.0
536261.71 6581103.29 48.67 0.0
536255.26 6581099.5 48.77 2.0
536255.65 6581097.02 48.93 2.0
536252.98 6581099.15 46.53 1.0
536259.89 6581095.68 46.26 3.0
536257.74 6581103.05 48.7 2.0
536259.97 6581101.32 48.81 0.0
536253.38 6581097.98 47.3 1.0
536259.48 6581102.28 48.08 0.0
536256.42 6581097.69 48.92 2.0
536257.44 6581104.28 46.08 0.0
536252.99 6581098.07 47.03 1.0
536259.42 6581094.85 46.08 3.0
536253.9 6581096.35 48.37 1.0
536258.02 6581096.3 47.42 3.0
536259.73 6581101.91 48.42 0.0
536263.5 6581100.06 46.69 3.0
536258.14 6581103.14 46.97 0.0
536259.42 6581095.74 46.52 3.0
536263.79 6581101.19 47.2 3.0
536253.08 6581099.71 48.67 2.0
536255.99 6581100.27 48.75 2.0
536263.21 6581098.91 46.25 3.0
536252.12 6581099.27 46.06 1.0
536256.1 6581102.65 48.66 2.0
536258.26 6581100.96 48.85 2.0
536256.7 6581095.3 47.54 3.0
536258.21 6581105.03 46.13 0.0
536257.82 6581099.66 48.88 2.0
536258.14 6581101.97 48.77 2.0
536260.78 6581099.36 47.68 3.0
536255.31 6581094.67 47.98 3.0
536257.78 6581101.75 48.77 2.0
536262.24 6581097.78 46.17 3.0
536255.61 6581099.5 48.78 2.0
536258.46 6581103.9 46.79 0.0
536258.85 6581096.93 47.36 3.0
536261.33 6581102.02 48.74 3.0
536262.55 6581097.4 45.84 3.0
536258.09 6581096.56 47.53 3.0
536258.85 6581097.11 47.48 3.0
536252.3 6581098.99 46.28 1.0
536264.14 6581099.77 46.26 3.0
536257.91 6581103.6 46.66 0.0
536256.49 6581101.11 48.77 2.0
536261.19 6581102.84 48.63 0.0
536261.13 6581097.44 46.5 3.0
536259.14 6581095.97 46.78 3.0
536261.59 6581100.37 47.74 3.0
536253.88 6581099.91 48.68 2.0
536253.94 6581100.96 48.63 2.0
536257.57 6581098.26 48.67 3.0
536262.91 6581100.4 47.15 3.0
536254.45 6581095.88 48.89 1.0
536256.17 6581102.55 48.67 2.0
536257.42 6581098.86 48.9 2.0
536256.09 6581095.14 47.79 3.0
536257.89 6581095.49 47.12 3.0
536257.52 6581102.44 48.74 2.0
536259.66 6581097.58 47.34 3.0
536259.48 6581100.95 48.9 2.0
536260.58 6581101.35 48.76 3.0
536256.17 6581099.89 48.8 2.0
536260.21 6581099.9 48.16 3.0
536260.14 6581097.36 46.95 3.0
536257.97 6581100.63 48.85 2.0
536257.37 6581096.46 47.8 3.0
536260.12 6581101.92 48.59 0.0
536260.42 6581096.04 46.19 3.0
536261.19 6581102.84 48.63 0.0
536257.81 6581102.77 48.72 2.0
536260.98 6581101.82 48.84 3.0
536257.5 6581098.55 48.84 3.0
536258.41 6581100.36 48.88 2.0
536261.42 6581097.11 46.22 3.0
536258.38 6581104.22 46.59 0.0
536256.14 6581099.83 48.78 2.0
536254.08 6581097.54 47.81 1.0
536258.43 6581096.85 47.48 3.0
536256.43 6581093.91 47.03 3.0
536259.93 6581097.75 47.25 3.0
536256.15 6581095.92 48.15 3.0
536260.89 6581100.29 48.02 3.0
536259.14 6581095.97 46.78 3.0
536255.14 6581096.96 48.62 1.0
536257.69 6581093.95 46.39 3.0
536256.02 6581101.46 48.72 2.0
536259.39 6581101.65 48.37 0.0
536253.98 6581097.69 47.71 1.0
536253.22 6581097.36 47.52 1.0
536257.0 6581103.21 48.66 2.0
536262.4 6581101.69 48.09 3.0
536258.73 6581103.2 47.23 0.0
536255.52 6581094.52 47.76 3.0
536262.6 6581100.32 47.25 3.0
536259.16 6581103.58 47.26 0.0
536254.01 6581097.86 47.62 1.0
536261.35 6581103.77 48.25 0.0
536260.81 6581102.92 48.42 0.0
536261.46 6581099.25 47.24 3.0
536258.93 6581100.46 48.92 2.0
536254.89 6581100.09 48.73 2.0
536253.15 6581098.69 46.82 1.0
536259.17 6581103.47 47.33 0.0
536259.23 6581105.12 46.53 0.0
536261.58 6581099.18 47.11 3.0
536262.26 6581097.13 45.82 3.0
536261.51 6581098.11 46.68 3.0
536263.86 6581101.48 47.31 3.0
536262.52 6581100.02 47.11 3.0
536258.27 6581103.12 47.01 0.0
536259.49 6581094.55 45.92 3.0
536252.91 6581099.06 46.55 1.0
536262.98 6581098.03 45.94 3.0
536256.45 6581101.05 48.74 2.0
536257.41 6581095.09 47.13 3.0
536264.1 6581098.99 45.92 3.0
536262.76 6581099.83 46.93 3.0
536257.08 6581097.22 48.36 3.0
536258.63 6581104.64 46.52 0.0
536258.03 6581094.93 46.78 3.0
536257.52 6581098.49 48.8 3.0
536258.19 6581101.26 48.82 2.0
536259.06 6581101.55 48.82 2.0
536259.57 6581099.44 48.25 3.0
536252.07 6581099.15 46.1 1.0
536256.0 6581101.91 48.83 2.0
536262.37 6581100.85 47.63 3.0
536259.36 6581100.29 48.79 3.0
536258.38 6581093.72 45.96 3.0
536259.35 6581096.6 46.97 3.0
536261.75 6581098.12 46.56 3.0
536260.42 6581100.8 48.59 3.0
536255.57 6581096.32 48.62 3.0
536259.42 6581094.85 46.08 3.0
536256.31 6581103.14 48.64 2.0
536255.26 6581099.5 48.77 2.0
536262.59 6581098.82 46.53 3.0
536254.78 6581095.81 48.74 3.0
536260.97 6581100.6 48.15 3.0
536255.51 6581101.35 48.66 2.0
536258.46 6581103.9 46.79 0.0
536261.49 6581096.52 45.94 3.0
536260.05 6581098.99 47.82 3.0
536258.73 6581104.28 46.71 0.0
536260.59 6581099.13 47.58 3.0
536258.84 6581095.61 46.75 3.0
536253.96 6581100.23 48.65 2.0
536263.67 6581100.7 47.0 3.0
536254.59 6581098.96 48.76 2.0
536264.91 6581099.85 45.96 3.0
536264.13 6581100.94 46.91 3.0
536256.72 6581093.64 46.78 3.0
536262.12 6581097.7 46.22 3.0
536260.06 6581099.32 47.96 3.0
536260.47 6581095.97 46.13 3.0
536262.31 6581102.05 48.29 3.0
536258.97 6581093.99 45.86 3.0
536257.36 6581096.08 47.67 3.0
536256.55 6581100.18 48.8 2.0
536255.87 6581097.03 48.86 3.0
536254.8 6581101.33 48.67 2.0
536261.74 6581102.22 48.69 3.0
536260.26 6581098.14 47.28 3.0
536258.79 6581102.56 47.62 0.0
536263.18 6581098.55 46.12 3.0
536261.58 6581097.83 46.52 3.0
536259.87 6581096.73 46.81 3.0
536252.46 6581098.63 46.52 1.0
536256.71 6581095.12 47.5 3.0
536252.06 6581098.05 46.61 1.0
536264.54 6581100.29 46.34 3.0
536258.53 6581094.29 46.19 3.0
536260.82 6581102.29 48.75 0.0
536261.11 6581100.67 48.15 3.0
536259.98 6581105.12 46.9 0.0
536257.32 6581097.76 48.53 3.0
536257.63 6581095.96 47.44 3.0
536261.73 6581103.56 48.58 0.0
536263.84 6581099.81 46.44 3.0
536254.68 6581099.37 48.74 2.0
536261.65 6581097.54 46.36 3.0
536257.92 6581097.09 47.89 3.0
536254.45 6581097.2 48.18 1.0
536257.81 6581103.44 46.66 0.0
536255.57 6581102.29 48.66 2.0
536258.31 6581097.45 47.87 3.0
536260.12 6581101.92 48.59 0.0
536258.34 6581100.65 48.85 2.0
536255.87 6581097.03 48.86 3.0
536253.51 6581098.43 47.14 1.0
536260.32 6581099.9 48.12 3.0
536263.2 6581101.57 47.63 3.0
536256.16 6581098.65 48.85 2.0
536256.54 6581096.92 48.44 3.0
536259.33 6581104.1 47.12 0.0
536258.19 6581098.18 48.31 3.0
536261.18 6581096.47 46.04 3.0
536259.33 6581100.35 48.84 3.0
536253.94 6581100.96 48.63 2.0
536260.5 6581097.13 46.69 3.0
536255.36 6581097.2 48.87 1.0
536263.65 6581100.65 46.95 3.0
536253.15 6581100.01 48.65 2.0
536259.87 6581096.73 46.81 3.0
536256.5 6581102.56 48.67 2.0
536254.44 6581098.42 48.78 2.0
536260.16 6581103.51 47.8 0.0
536260.37 6581102.89 48.2 0.0
536260.05 6581095.37 46.01 3.0
536259.7 6581103.68 47.48 0.0
536262.76 6581101.79 47.98 3.0
536254.74 6581100.64 48.68 2.0
536260.65 6581101.53 48.87 3.0
536254.52 6581098.73 48.77 2.0
536257.8 6581098.56 48.72 3.0
536258.43 6581101.49 48.82 2.0
536254.63 6581097.4 48.18 1.0
536255.98 6581099.23 48.81 2.0
536259.18 6581095.86 46.68 3.0
536255.22 6581096.26 48.78 3.0
536258.92 6581096.83 47.3 3.0
536252.71 6581098.35 46.8 1.0
536258.26 6581102.15 48.79 2.0
536254.99 6581097.98 48.83 2.0
536258.06 6581095.39 46.94 3.0
536258.95 6581094.96 46.34 3.0
536261.3 6581103.08 48.56 0.0
536257.97 6581104.08 46.45 0.0
536258.92 6581104.98 46.46 0.0
536256.95 6581100.12 48.81 2.0
536256.98 6581097.47 48.55 3.0
536257.66 6581099.15 48.91 2.0
536262.02 6581101.09 47.97 3.0
536254.83 6581099.95 48.73 2.0
536253.46 6581099.08 46.8 1.0
536262.16 6581100.53 47.58 3.0
536253.96 6581099.1 48.75 2.0
536261.64 6581103.58 48.46 0.0
536253.96 6581098.95 48.74 2.0
536258.79 6581102.56 47.62 0.0
536262.63 6581102.3 48.33 3.0
536260.01 6581098.04 47.35 3.0
536259.96 6581103.88 47.5 0.0
536256.57 6581102.25 48.72 2.0
536259.96 6581103.88 47.5 0.0
536255.52 6581098.46 48.83 2.0
536264.08 6581099.5 46.19 3.0
536257.25 6581102.92 48.69 2.0
536259.7 6581103.68 47.48 0.0
536256.78 6581096.27 48.02 3.0
536258.82 6581104.92 46.42 0.0
536260.46 6581101.86 48.79 0.0
536264.49 6581099.97 46.21 3.0
536253.92 6581096.76 48.16 1.0
536263.69 6581099.23 46.21 3.0
536262.98 6581098.03 45.94 3.0
536257.12 6581100.77 48.8 2.0
536264.27 6581099.29 46.02 3.0
536259.16 6581101.93 48.09 0.0
536258.47 6581102.33 48.79 2.0
536259.57 6581095.73 46.44 3.0
536254.97 6581101.54 48.65 2.0
536259.33 6581100.35 48.84 3.0
536255.13 6581099.86 48.73 2.0
536256.84 6581094.59 47.16 3.0
536263.84 6581101.02 47.1 3.0
536253.64 6581100.63 48.62 2.0
536261.79 6581096.98 46.02 3.0
536258.54 6581102.01 48.79 2.0
536260.32 6581102.84 48.23 0.0
536258.98 6581104.27 46.84 0.0
536258.67 6581100.01 48.9 2.0
536264.64 6581099.38 45.83 3.0
536264.46 6581099.99 46.2 3.0
536256.91 6581097.18 48.43 3.0
536256.24 6581098.96 48.83 2.0
536261.51 6581098.11 46.68 3.0
536258.8 6581094.41 46.11 3.0
536260.65 6581101.63 48.91 3.0
536258.24 6581094.08 46.26 3.0
536255.91 6581102.88 48.63 2.0
536261.27 6581096.54 46.01 3.0
536259.71 6581096.88 46.92 3.0
536262.19 6581098.84 46.72 3.0
536254.8 6581101.33 48.67 2.0
536254.63 6581096.4 48.7 1.0
536259.2 6581095.72 46.59 3.0
536251.99 6581098.83 46.22 1.0
536253.88 6581099.91 48.68 2.0
536261.71 6581096.83 45.95 3.0
536258.46 6581098.03 48.1 3.0
536262.8 6581098.95 46.49 3.0
536255.98 6581099.23 48.81 2.0
536258.26 6581102.15 48.79 2.0
536253.76 6581097.42 47.74 1.0
536258.64 6581099.45 48.75 3.0
536258.96 6581099.38 48.53 3.0
536253.19 6581097.28 47.52 1.0
536259.35 6581096.6 46.97 3.0
536263.43 6581099.8 46.6 3.0
536258.73 6581105.28 46.23 0.0
536256.77 6581103.31 48.64 2.0
536262.67 6581102.03 48.1 3.0
536259.48 6581102.0 48.23 0.0
536257.52 6581099.57 48.86 2.0
536260.67 6581102.42 48.62 0.0
536256.7 6581097.77 48.8 3.0
536259.5 6581098.1 47.6 3.0
536262.29 6581100.95 47.75 3.0
536262.84 6581101.48 47.79 3.0
536257.94 6581093.79 46.27 3.0
536256.5 6581093.62 46.86 3.0
536259.16 6581098.56 48.0 3.0
536262.97 6581101.78 47.84 3.0
536262.51 6581097.77 46.02 3.0
536258.73 6581105.28 46.23 0.0
536261.54 6581098.96 47.06 3.0