536384.39 6582454.0 55.21 1.0
536392.19 6582457.43 54.22 3.0
536389.0 6582449.96 54.5 2.0
536391.23 6582452.75 54.3 3.0
536392.09 6582456.49 54.24 3.0
536388.71 6582453.09 54.61 3.0
536389.56 6582451.34 54.48 3.0
536387.17 6582456.63 56.15 0.0
536389.93 6582454.06 54.54 3.0
536385.3 6582455.37 55.96 1.0
536388.66 6582451.35 54.57 3.0
536387.89 6582457.98 55.65 0.0
536391.82 6582456.77 54.29 3.0
536387.85 6582456.19 55.36 0.0
536387.24 6582451.59 55.59 0.0
536386.27 6582456.26 56.9 1.0
536383.97 6582454.98 54.55 1.0
536384.71 6582452.17 55.68 1.0
536391.18 6582451.37 54.26 3.0
536388.14 6582451.43 54.65 3.0
536387.55 6582457.41 55.83 0.0
536383.96 6582452.31 54.8 1.0
536384.89 6582453.13 55.75 1.0
536389.09 6582449.65 54.55 3.0
536390.04 6582454.61 54.53 3.0
536388.26 6582456.9 55.14 0.0
536390.92 6582450.91 54.32 3.0
536391.35 6582457.13 54.39 3.0
536388.45 6582449.34 54.42 2.0
536390.66 6582456.23 54.4 3.0
536389.32 6582451.16 54.48 3.0
536391.29 6582454.73 54.37 3.0
536386.29 6582455.17 56.89 0.0
536384.58 6582452.18 55.48 1.0
536391.3 6582453.32 54.31 3.0
536387.79 6582454.93 55.33 0.0
536388.9 6582458.05 54.34 3.0
536385.55 6582457.48 56.03 1.0
536391.31 6582454.48 54.31 3.0
536390.25 6582452.47 54.4 3.0
536383.67 6582453.78 54.35 1.0
536385.1 6582451.82 56.02 1.0
536391.0 6582450.91 54.32 3.0
536390.14 6582449.87 54.43 3.0
536389.41 6582450.42 54.51 3.0
536384.53 6582457.4 54.86 1.0
536391.57 6582453.09 54.31 3.0
536387.69 6582456.95 55.64 0.0
536385.51 6582452.51 56.35 1.0
536388.07 6582451.94 54.74 0.0
536390.85 6582452.72 54.34 3.0
536390.7 6582456.29 54.44 3.0
536387.4 6582456.73 55.98 0.0
536389.13 6582449.66 54.56 3.0
536386.03 6582454.13 56.85 1.0
536386.6 6582457.36 56.84 0.0
536390.08 6582449.2 54.41 3.0
536385.61 6582456.53 56.13 1.0
536384.3 6582451.52 55.27 1.0
536387.79 6582450.5 54.2 2.0
536389.5 6582456.21 54.63 3.0
536386.8 6582454.29 56.41 0.0
536389.48 6582452.3 54.51 3.0
536388.67 6582454.48 54.68 3.0
536385.64 6582457.8 56.08 1.0
536387.9 6582453.96 55.06 0.0
536390.25 6582455.16 54.43 3.0
536391.01 6582456.08 54.41 3.0
536388.22 6582451.79 54.63 3.0
536390.82 6582453.55 54.34 3.0
536388.71 6582450.38 54.44 2.0
536391.17 6582454.62 54.38 3.0
536384.73 6582451.54 55.81 1.0
536385.38 6582453.01 56.21 1.0
536387.73 6582454.82 55.31 0.0
536391.7 6582456.52 54.36 3.0
536387.84 6582449.99 54.26 2.0
536387.86 6582457.54 55.62 0.0
536391.71 6582457.48 54.33 3.0
536383.97 6582453.56 54.66 1.0
536390.79 6582451.54 54.37 3.0
536383.81 6582451.67 54.85 1.0
536391.96 6582452.11 54.21 3.0
536391.02 6582457.5 54.34 3.0
536385.04 6582452.59 55.89 1.0
536387.12 6582452.02 55.73 0.0
536383.84 6582454.93 54.46 1.0
536390.93 6582453.23 54.39 3.0
536390.68 6582453.39 54.36 3.0
536388.03 6582450.04 54.29 2.0
536386.33 6582451.39 56.61 0.0
536389.96 6582456.88 54.56 3.0
536386.87 6582456.43 56.38 0.0
536390.12 6582452.18 54.44 3.0
536383.54 6582451.57 54.46 1.0
536391.68 6582449.91 54.19 3.0
536386.73 6582453.09 56.35 0.0
536389.04 6582454.78 54.6 3.0
536383.67 6582451.66 54.61 1.0
536386.08 6582451.96 56.74 0.0
536385.27 6582452.76 56.14 1.0
536384.52 6582454.69 55.13 1.0
536385.63 6582457.31 56.06 1.0
536392.08 6582453.82 54.28 3.0
536391.89 6582457.79 54.24 3.0
536384.8 6582455.65 55.45 1.0
536389.39 6582450.77 54.54 3.0
536384.03 6582456.77 54.46 1.0
536385.96 6582451.63 56.93 0.0
536390.04 6582450.83 54.42 3.0
536384.56 6582454.67 55.3 1.0
536385.01 6582454.21 55.75 1.0
536389.51 6582455.04 54.52 3.0
536387.3 6582455.24 55.83 0.0
536390.57 6582457.77 54.41 3.0
536384.47 6582454.35 55.24 1.0
536384.22 6582451.85 55.15 1.0
536389.09 6582456.28 54.62 3.0
536390.02 6582452.37 54.47 3.0
536386.2 6582453.74 56.91 0.0
536387.79 6582457.41 55.6 0.0
536385.22 6582454.68 55.97 1.0
536390.73 6582454.81 54.42 3.0
536388.26 6582454.15 54.88 0.0
536390.62 6582455.76 54.39 3.0
536389.41 6582449.36 54.46 3.0
536383.67 6582454.23 54.35 1.0
536390.21 6582456.01 54.49 3.0
536384.96 6582455.07 55.61 1.0
536385.11 6582457.49 55.46 1.0
536388.61 6582453.44 54.64 3.0
536385.17 6582454.24 55.93 1.0
536383.87 6582454.62 54.49 1.0
536390.85 6582451.55 54.36 3.0
536389.99 6582456.2 54.47 3.0
536391.43 6582449.98 54.26 3.0
536387.03 6582455.29 56.25 0.0
536391.16 6582455.36 54.34 3.0
536388.38 6582455.87 54.72 0.0
536384.65 6582455.03 55.29 1.0
536386.75 6582453.03 56.17 0.0
536391.25 6582449.13 54.28 3.0
536390.65 6582454.57 54.43 3.0
536387.7 6582458.07 55.84 0.0
536388.41 6582452.4 54.6 3.0
536386.54 6582456.58 56.78 0.0
536391.19 6582448.67 54.26 3.0
536390.2 6582451.07 54.39 3.0
536383.7 6582455.03 54.25 1.0
536387.58 6582451.31 55.19 0.0
536390.43 6582452.15 54.43 3.0
536388.72 6582454.75 54.63 3.0
536384.92 6582452.13 55.85 1.0
536385.19 6582452.37 56.18 1.0
536386.09 6582451.37 56.74 0.0
536389.99 6582453.32 54.47 3.0
536388.72 6582451.66 54.61 3.0
536389.88 6582455.96 54.57 3.0
536390.6 6582453.74 54.4 3.0
536384.62 6582455.09 55.19 1.0
536389.81 6582455.45 54.52 3.0
536384.3 6582451.33 55.26 1.0
536391.25 6582454.98 54.35 3.0
536390.03 6582450.36 54.4 3.0
536392.08 6582456.69 54.26 3.0
536387.48 6582456.22 55.9 0.0
536386.89 6582453.7 56.15 0.0
536388.31 6582452.15 54.64 3.0
536390.0 6582455.56 54.53 3.0
536390.39 6582451.94 54.47 3.0
536387.07 6582455.72 56.12 0.0
536389.51 6582452.39 54.54 3.0
536386.38 6582452.54 56.65 0.0
536385.22 6582451.29 56.16 1.0
536389.3 6582455.8 54.6 3.0
536389.85 6582451.11 54.46 3.0
536384.35 6582457.58 54.67 1.0
536387.43 6582453.42 55.66 0.0
536391.26 6582455.29 54.37 3.0
536383.89 6582453.51 54.64 1.0
536385.3 6582451.46 56.36 1.0
536387.98 6582449.25 54.27 2.0
536390.3 6582456.55 54.44 3.0
536387.48 6582453.74 55.53 0.0
536387.15 6582451.13 55.55 0.0
536384.81 6582452.01 55.77 1.0
536389.77 6582450.88 54.48 3.0
536387.01 6582451.66 55.89 0.0
536385.14 6582451.63 56.23 1.0
536391.14 6582449.47 54.31 3.0
536386.26 6582454.43 56.93 0.0
536388.62 6582456.4 54.71 3.0
536384.06 6582452.43 54.93 1.0
536389.14 6582455.74 54.62 3.0
536388.68 6582457.13 54.72 0.0
536387.14 6582457.5 56.29 0.0
536389.47 6582456.49 54.59 3.0
536388.72 6582452.61 54.6 3.0
536384.21 6582451.71 55.15 1.0
536390.53 6582450.33 54.34 3.0
536388.56 6582453.31 54.6 3.0
536383.73 6582451.39 54.76 1.0
536387.52 6582454.33 55.59 0.0
536390.07 6582454.38 54.47 3.0
536387.79 6582452.48 55.04 0.0
536386.79 6582454.6 56.28 0.0
536387.28 6582457.19 56.19 0.0
536388.63 6582451.27 54.64 3.0
536384.25 6582456.23 54.7 1.0
536385.22 6582453.36 56.05 1.0
536384.11 6582456.47 54.6 1.0
536385.47 6582451.94 56.46 1.0
536388.4 6582452.54 54.66 3.0
536387.47 6582454.87 55.61 0.0
536385.79 6582453.52 56.67 1.0
536384.06 6582453.93 54.68 1.0
536385.62 6582452.51 56.57 1.0
536387.06 6582457.07 56.36 0.0
536385.6 6582454.96 56.25 1.0
536386.7 6582452.95 56.26 0.0
536385.56 6582452.62 56.48 1.0
536390.74 6582449.67 54.37 3.0
536390.47 6582457.4 54.46 3.0
536390.54 6582451.74 54.4 3.0
536389.49 6582450.46 54.46 3.0
536387.77 6582452.07 55.13 0.0
536385.53 6582457.74 55.89 1.0
536384.95 6582452.21 55.9 1.0
536384.92 6582457.57 55.22 1.0
536383.59 6582451.95 54.42 1.0
536384.7 6582454.31 55.32 1.0
536390.27 6582451.4 54.4 3.0
536384.23 6582458.46 54.41 1.0
536391.67 6582451.86 54.24 3.0
536388.51 6582452.06 54.64 3.0
536387.43 6582452.94 55.45 0.0
536387.17 6582456.03 56.12 0.0
536390.75 6582451.6 54.35 3.0
536387.09 6582457.8 56.41 0.0
536390.3 6582455.7 54.52 3.0
536389.87 6582456.48 54.56 3.0
536385.3 6582454.38 56.04 1.0
536389.91 6582453.88 54.47 3.0
536389.47 6582456.82 54.56 3.0
536389.08 6582457.07 54.63 3.0
536387.26 6582452.95 55.65 0.0
536384.67 6582452.89 55.54 1.0
536385.33 6582455.5 55.96 1.0
536389.94 6582450.04 54.49 3.0
536387.32 6582458.2 56.21 0.0
536387.45 6582451.94 55.5 0.0
536387.52 6582455.09 55.74 0.0
536384.14 6582454.5 54.81 1.0
536386.21 6582453.96 56.86 0.0
536385.81 6582453.05 56.69 1.0
536389.7 6582455.88 54.51 3.0
536388.32 6582451.3 54.63 3.0
536391.0 6582454.26 54.33 3.0
536388.36 6582449.15 54.37 2.0
536390.47 6582456.42 54.45 3.0
536385.49 6582456.16 56.02 1.0
536384.01 6582453.98 54.73 1.0
536392.18 6582455.84 54.28 3.0
536390.5 6582451.41 54.42 3.0
536384.71 6582456.61 55.24 1.0
536385.88 6582453.51 56.74 1.0
536384.5 6582453.72 55.25 1.0
536387.9 6582451.26 54.87 0.0
536390.92 6582455.2 54.38 3.0
536387.55 6582455.89 55.64 0.0
536388.22 6582450.21 54.34 2.0
536390.35 6582450.64 54.38 3.0
536386.11 6582455.89 56.76 1.0
536388.14 6582449.56 54.32 2.0
536388.0 6582451.68 54.75 0.0
536390.77 6582451.24 54.33 3.0
536392.2 6582454.61 54.27 3.0
536386.74 6582451.8 56.09 0.0
536386.15 6582458.15 56.51 1.0
536392.09 6582455.95 54.27 3.0
536387.18 6582453.74 55.79 0.0
536391.75 6582454.03 54.33 3.0
536390.4 6582453.19 54.43 3.0
536389.49 6582449.69 54.46 3.0
536386.05 6582452.55 56.91 0.0
536390.68 6582450.87 54.36 3.0
536388.4 6582449.96 54.34 2.0
536388.01 6582453.47 54.93 0.0
536389.38 6582452.94 54.56 3.0
536388.9 6582455.27 54.62 3.0
536388.66 6582449.89 54.44 2.0
536390.1 6582452.08 54.41 3.0
536390.73 6582457.3 54.43 3.0
536388.31 6582450.24 54.35 2.0
536391.68 6582453.24 54.26 3.0
536385.13 6582458.43 55.53 1.0
536389.94 6582451.46 54.44 3.0
536383.64 6582454.02 54.29 1.0
536386.37 6582451.52 56.39 0.0
536387.87 6582457.51 55.47 0.0
536385.71 6582452.81 56.67 1.0
536389.93 6582452.77 54.45 3.0
536385.38 6582454.13 56.23 1.0
536390.02 6582451.09 54.48 3.0
536392.28 6582457.23 54.23 3.0
536390.17 6582454.08 54.47 3.0
536386.82 6582451.5 55.98 0.0
536390.65 6582454.31 54.39 3.0
536390.62 6582448.81 54.37 3.0
536386.75 6582456.38 56.56 0.0
536388.65 6582453.9 54.58 3.0
536385.32 6582453.77 56.07 1.0
536390.74 6582457.07 54.45 3.0
536385.16 6582454.84 55.87 1.0
536391.74 6582457.1 54.29 3.0
536389.85 6582453.1 54.48 3.0
536384.91 6582456.76 55.32 1.0
536385.77 6582454.65 56.46 1.0
536391.52 6582450.25 54.32 3.0
536386.96 6582455.86 56.28 0.0
536388.47 6582456.2 54.74 0.0
536392.0 6582453.46 54.27 3.0
536388.62 6582450.02 54.44 2.0
536389.34 6582449.04 54.55 3.0
536384.54 6582452.82 55.4 1.0
536385.14 6582454.54 55.84 1.0
536389.96 6582457.94 54.47 3.0
536391.61 6582450.7 54.24 3.0
536384.54 6582455.94 54.96 1.0
536383.58 6582453.9 54.3 1.0
536384.97 6582457.82 55.34 1.0
536391.58 6582453.32 54.33 3.0
536385.7 6582456.9 56.15 1.0
536387.21 6582454.89 55.9 0.0
536386.96 6582457.82 56.52 0.0
536387.92 6582455.9 55.27 0.0
536384.4 6582458.33 54.55 1.0
536388.87 6582449.87 54.49 2.0
536390.68 6582452.91 54.4 3.0
536391.76 6582456.27 54.28 3.0
536388.83 6582455.18 54.64 3.0
536384.94 6582453.31 55.81 1.0
536389.83 6582456.89 54.51 3.0
536390.95 6582457.81 54.37 3.0
536386.51 6582453.48 56.56 0.0
536387.65 6582454.82 55.45 0.0
536388.06 6582449.21 54.32 2.0
536387.65 6582449.38 54.2 2.0
536386.83 6582457.95 56.65 0.0
536387.86 6582457.1 55.48 0.0
536391.86 6582454.02 54.25 3.0
536388.1 6582452.07 54.68 0.0
536388.28 6582455.44 54.97 0.0
536391.17 6582454.18 54.32 3.0
536389.41 6582454.89 54.54 3.0
536390.33 6582452.14 54.39 3.0
536386.7 6582454.27 56.32 0.0
536384.0 6582455.56 54.56 1.0
536384.43 6582452.06 55.36 1.0
536390.77 6582449.92 54.36 3.0
536387.08 6582453.2 55.94 0.0
536387.57 6582453.39 55.4 0.0
536384.08 6582455.32 54.65 1.0
536385.95 6582452.91 56.88 1.0
536389.02 6582455.14 54.6 3.0
536389.74 6582454.56 54.5 3.0
536387.12 6582451.17 55.64 0.0
536388.64 6582455.07 54.67 3.0
536384.59 6582457.91 54.91 1.0
536386.46 6582452.89 56.58 0.0
536387.01 6582457.45 56.52 0.0
536386.13 6582451.97 56.74 0.0
536389.56 6582457.99 54.41 3.0
536390.37 6582448.93 54.36 3.0
536388.63 6582450.08 54.45 2.0
536385.54 6582455.66 56.14 1.0
536392.26 6582455.98 54.22 3.0
536384.73 6582456.85 55.19 1.0
536388.69 6582452.82 54.6 3.0
536389.01 6582451.94 54.56 3.0
536387.81 6582449.95 54.23 2.0
536388.7 6582449.0 54.47 2.0
536387.61 6582457.71 55.89 0.0
536387.86 6582453.01 55.09 0.0
536388.23 6582452.64 54.73 0.0
536383.73 6582452.48 54.63 1.0
536389.46 6582457.01 54.61 3.0
536384.32 6582457.9 54.68 1.0
536391.09 6582456.08 54.39 3.0
536387.83 6582450.14 54.26 2.0
536389.15 6582453.49 54.57 3.0
536386.35 6582457.34 56.82 1.0
536385.92 6582452.63 56.85 1.0
536390.41 6582451.01 54.43 3.0
536387.41 6582455.72 55.8 0.0
536390.74 6582454.94 54.43 3.0
536389.25 6582449.67 54.55 3.0
536384.46 6582453.12 55.3 1.0
536386.69 6582451.61 56.24 0.0
536391.12 6582457.11 54.39 3.0
536385.99 6582456.58 56.51 1.0
536391.66 6582450.99 54.25 3.0
536387.87 6582452.16 54.93 0.0
536387.78 6582454.87 55.45 0.0
536388.79 6582449.35 54.44 2.0
536388.77 6582456.29 54.72 3.0
536391.92 6582452.87 54.23 3.0
536392.01 6582453.24 54.23 3.0
536387.8 6582451.43 54.91 0.0
536390.93 6582450.24 54.34 3.0
536391.52 6582449.12 54.27 3.0
536391.91 6582457.34 54.32 3.0
536387.51 6582453.02 55.5 0.0
536386.24 6582451.33 56.5 0.0
536388.0 6582454.44 55.07 0.0
536387.27 6582457.18 56.14 0.0
536391.44 6582457.48 54.3 3.0
536385.09 6582454.55 55.82 1.0
536383.97 6582456.9 54.34 1.0
536384.81 6582457.27 55.22 1.0
536390.05 6582457.18 54.53 3.0
536386.14 6582453.22 56.86 0.0
536391.12 6582454.0 54.38 3.0
536384.31 6582452.66 55.09 1.0
536389.74 6582454.46 54.54 3.0
536389.96 6582450.47 54.47 3.0
536388.02 6582456.48 55.23 0.0
536387.02 6582453.0 56.08 0.0
536390.94 6582452.36 54.34 3.0
536387.63 6582455.84 55.64 0.0
536390.8 6582449.78 54.3 3.0
536391.6 6582452.43 54.25 3.0
536385.1 6582454.12 55.87 1.0
536388.16 6582451.27 54.67 3.0
536387.43 6582452.68 55.57 0.0
536388.32 6582452.75 54.64 3.0
536388.18 6582450.89 54.65 3.0
536385.06 6582452.84 55.98 1.0
536389.31 6582456.33 54.58 3.0
536390.24 6582457.93 54.43 3.0
536389.22 6582451.23 54.52 3.0
536392.09 6582455.7 54.22 3.0
536391.47 6582452.5 54.31 3.0
536391.77 6582454.83 54.3 3.0
536388.13 6582453.01 54.77 0.0
536388.9 6582452.4 54.61 3.0
536388.66 6582454.47 54.65 3.0
536390.56 6582456.79 54.48 3.0
536391.02 6582449.34 54.28 3.0
536390.62 6582450.82 54.42 3.0
536391.95 6582454.39 54.25 3.0
536385.76 6582451.81 56.79 1.0
536390.21 6582452.54 54.45 3.0
536388.8 6582452.73 54.58 3.0
536390.26 6582454.43 54.47 3.0
536389.51 6582454.99 54.57 3.0
536384.27 6582457.27 54.59 1.0
536387.22 6582455.15 56.04 0.0
536387.15 6582457.66 56.37 0.0
536383.9 6582455.28 54.47 1.0
536388.3 6582454.63 54.76 0.0
536388.18 6582453.49 54.71 0.0
536387.17 6582458.12 56.37 0.0
536384.32 6582452.77 55.2 1.0
536391.79 6582457.08 54.32 3.0
536386.02 6582456.19 56.63 1.0
536390.17 6582455.47 54.44 3.0
536383.81 6582454.59 54.44 1.0
536389.04 6582456.12 54.64 3.0
536389.25 6582453.88 54.6 3.0
536383.65 6582452.58 54.46 1.0
536389.68 6582453.81 54.51 3.0
536389.92 6582457.1 54.54 3.0
536388.81 6582452.05 54.6 3.0
536387.72 6582451.65 55.01 0.0
536391.68 6582452.09 54.23 3.0
536388.37 6582454.24 54.66 0.0
536388.37 6582453.15 54.64 3.0
536390.3 6582452.91 54.38 3.0
536387.64 6582453.1 55.29 0.0
536385.92 6582455.15 56.56 1.0
536389.81 6582452.53 54.46 3.0
536386.61 6582451.26 56.33 0.0
536390.09 6582453.73 54.51 3.0
536383.89 6582452.01 54.93 1.0
536386.79 6582451.12 56.02 0.0
536388.15 6582452.03 54.67 0.0
536385.71 6582453.84 56.52 1.0
536391.53 6582456.35 54.33 3.0
536391.42 6582454.66 54.34 3.0
536384.82 6582455.94 55.33 1.0
536391.66 6582454.77 54.26 3.0
536390.6 6582452.46 54.41 3.0
536386.47 6582451.9 56.33 0.0
536385.75 6582456.37 56.34 1.0
536391.65 6582456.25 54.35 3.0
536390.62 6582451.71 54.35 3.0
536389.43 6582455.97 54.59 3.0
536388.31 6582452.96 54.65 3.0
536391.59 6582456.91 54.37 3.0
536386.17 6582457.34 56.61 1.0
536386.65 6582452.76 56.39 0.0
536389.65 6582454.92 54.48 3.0
536385.09 6582457.1 55.45 1.0
536386.24 6582456.64 56.72 1.0
536389.62 6582452.61 54.5 3.0
536387.94 6582456.78 55.35 0.0
536388.83 6582455.62 54.68 3.0
536388.55 6582452.35 54.67 3.0
536384.65 6582455.26 55.25 1.0
536390.47 6582449.11 54.33 3.0
536391.48 6582451.28 54.31 3.0
536384.18 6582454.98 54.77 1.0
536389.3 6582452.35 54.51 3.0
536391.46 6582453.49 54.31 3.0
536390.7 6582452.04 54.36 3.0
536386.58 6582452.43 56.43 0.0
536390.78 6582449.31 54.3 3.0
536386.77 6582458.13 56.75 0.0
536392.09 6582454.68 54.23 3.0
536384.2 6582456.13 54.7 1.0
536390.63 6582449.1 54.34 3.0
536385.05 6582455.33 55.67 1.0
536385.42 6582455.71 55.96 1.0
536384.98 6582455.49 55.52 1.0
536388.47 6582450.87 54.57 3.0
536386.77 6582457.06 56.63 0.0
536385.55 6582453.44 56.45 1.0
536388.09 6582454.71 54.98 0.0
536385.31 6582451.68 56.26 1.0
536391.29 6582450.61 54.33 3.0
536387.37 6582451.1 55.38 0.0
536386.57 6582457.35 56.82 0.0
536387.71 6582450.35 54.19 2.0
536389.16 6582453.63 54.54 3.0
536392.11 6582454.96 54.26 3.0
536391.89 6582456.69 54.29 3.0
536388.72 6582458.11 54.51 0.0
536390.52 6582451.34 54.37 3.0
536390.63 6582450.08 54.36 3.0
536385.79 6582457.3 56.23 1.0
536386.41 6582451.73 56.58 0.0
536388.08 6582450.92 54.63 3.0
536385.51 6582452.53 56.47 1.0
536392.26 6582457.75 54.17 3.0
536387.92 6582454.75 55.24 0.0
536389.82 6582450.26 54.43 3.0
536389.4 6582455.81 54.63 3.0
536389.09 6582454.71 54.57 3.0
536384.09 6582455.93 54.62 1.0
536386.79 6582455.13 56.45 0.0
536390.3 6582453.08 54.43 3.0
536391.04 6582449.34 54.32 3.0
536391.06 6582457.78 54.37 3.0
536384.3 6582455.14 54.88 1.0
536388.18 6582449.85 54.31 2.0
536391.29 6582456.43 54.34 3.0
536388.58 6582451.68 54.56 3.0
536390.88 6582451.92 54.4 3.0
536390.31 6582455.62 54.47 3.0
536387.03 6582454.15 55.97 0.0
536388.97 6582450.13 54.49 2.0
536387.8 6582449.44 54.26 2.0
536389.87 6582448.76 54.45 3.0
536391.73 6582456.59 54.31 3.0
536391.75 6582452.19 54.26 3.0
536390.38 6582449.47 54.36 3.0
536390.92 6582453.3 54.34 3.0
536386.48 6582454.88 56.66 0.0
536389.74 6582457.57 54.52 3.0
536385.39 6582456.81 55.97 1.0
536387.58 6582452.34 55.25 0.0
536384.16 6582458.32 54.42 1.0
536391.02 6582456.17 54.41 3.0
536389.43 6582454.7 54.53 3.0
536391.94 6582456.96 54.26 3.0
536391.76 6582455.62 54.32 3.0
536383.73 6582452.84 54.55 1.0
536391.83 6582456.98 54.36 3.0
536385.11 6582452.65 56.02 1.0
536389.1 6582449.58 54.5 3.0
536389.67 6582451.57 54.49 3.0
536392.02 6582452.37 54.25 3.0
536387.45 6582457.02 56.0 0.0
536389.64 6582457.72 54.55 3.0
536390.32 6582457.64 54.39 3.0
536387.76 6582454.06 55.38 0.0
536383.82 6582451.93 54.73 1.0
536383.97 6582451.33 55.06 1.0
536386.29 6582452.18 56.71 0.0
536384.79 6582453.88 55.56 1.0
536386.13 6582451.48 56.8 0.0
536388.07 6582455.28 55.02 0.0
536390.51 6582454.86 54.43 3.0
536387.67 6582449.29 54.22 2.0
536392.0 6582456.03 54.26 3.0
536391.65 6582452.0 54.25 3.0
536386.55 6582454.1 56.62 0.0
536386.92 6582452.06 55.9 0.0
536389.13 6582450.89 54.5 3.0
536383.85 6582454.61 54.49 1.0
536389.15 6582451.83 54.53 3.0
536390.12 6582453.32 54.48 3.0
536391.23 6582453.42 54.35 3.0
536391.93 6582452.22 54.22 3.0
536389.86 6582450.86 54.47 3.0
536386.92 6582456.58 56.43 0.0
536383.92 6582454.31 54.62 1.0
536390.38 6582454.08 54.45 3.0
536390.38 6582456.05 54.5 3.0
536387.26 6582454.64 55.84 0.0
536388.12 6582456.55 55.18 0.0
536384.34 6582453.9 55.04 1.0
536390.98 6582454.36 54.4 3.0
536390.73 6582453.19 54.37 3.0
536390.28 6582456.65 54.47 3.0
536387.74 6582452.03 55.1 0.0
536387.27 6582454.05 55.92 0.0
536390.58 6582456.59 54.44 3.0
536388.83 6582457.28 54.68 3.0
536391.34 6582448.71 54.31 3.0
536385.01 6582451.79 55.98 1.0
536385.84 6582456.04 56.47 1.0
536389.46 6582451.12 54.5 3.0
536389.37 6582452.7 54.54 3.0
536387.3 6582456.16 55.98 0.0
536390.65 6582457.43 54.39 3.0
536389.03 6582457.37 54.62 3.0
536390.55 6582452.48 54.4 3.0
536391.05 6582457.48 54.35 3.0
536390.32 6582450.63 54.42 3.0
536390.48 6582457.22 54.46 3.0
536388.24 6582453.09 54.63 0.0
536390.26 6582449.31 54.42 3.0
536387.04 6582458.0 56.46 0.0
536391.06 6582453.45 54.32 3.0
536389.71 6582449.27 54.44 3.0
536388.97 6582453.97 54.6 3.0
536388.01 6582451.57 54.67 0.0
536385.55 6582454.44 56.28 1.0
536385.86 6582456.82 56.35 1.0
536384.56 6582453.53 55.42 1.0
536385.37 6582453.4 56.25 1.0
536388.1 6582457.57 55.28 0.0
536389.3 6582457.53 54.58 3.0
536388.86 6582451.01 54.54 3.0
536386.64 6582451.57 56.05 0.0
536390.04 6582457.22 54.56 3.0
536385.47 6582452.95 56.37 1.0
536388.5 6582449.57 54.41 2.0
536388.95 6582449.89 54.5 2.0
536387.75 6582455.39 55.48 0.0
536389.42 6582457.35 54.63 3.0
536386.51 6582452.76 56.42 0.0
536391.77 6582450.26 54.21 3.0
536387.98 6582451.11 54.74 0.0
536387.9 6582449.6 54.24 2.0
536388.34 6582456.53 54.99 0.0
536391.61 6582456.68 54.33 3.0
536385.47 6582458.29 55.87 1.0
536390.82 6582453.69 54.38 3.0
536391.67 6582449.16 54.28 3.0
536390.11 6582456.39 54.49 3.0
536387.41 6582454.05 55.59 0.0
536389.87 6582456.47 54.5 3.0
536390.83 6582453.79 54.45 3.0
536384.86 6582455.49 55.43 1.0
536385.36 6582451.7 56.4 1.0
536390.46 6582456.22 54.43 3.0
536391.01 6582454.54 54.4 3.0
536385.19 6582457.2 55.56 1.0
536386.19 6582457.94 56.63 1.0
536389.58 6582450.1 54.44 3.0
536388.53 6582457.03 54.78 0.0
536388.67 6582457.9 54.8 0.0
536390.12 6582450.72 54.45 3.0
536385.83 6582457.49 56.26 1.0
536388.92 6582448.98 54.52 2.0
536391.24 6582451.55 54.25 3.0
536390.81 6582456.76 54.42 3.0
536391.48 6582455.51 54.37 3.0
536391.88 6582453.99 54.25 3.0
536385.24 6582455.16 55.89 1.0
536388.64 6582451.98 54.66 3.0
536385.03 6582457.7 55.41 1.0
536384.92 6582453.85 55.71 1.0
536385.06 6582453.6 55.87 1.0
536385.24 6582456.88 55.71 1.0
536390.28 6582455.49 54.44 3.0
536391.42 6582448.87 54.26 3.0
536389.17 6582456.33 54.58 3.0
536391.22 6582452.16 54.32 3.0
536387.36 6582456.66 56.08 0.0
536384.15 6582451.9 55.17 1.0
536385.77 6582458.16 56.13 1.0
536388.01 6582457.64 55.39 0.0
536386.71 6582454.78 56.48 0.0
536389.19 6582457.95 54.4 3.0
536389.76 6582449.3 54.41 3.0
536390.15 6582457.58 54.41 3.0
536388.87 6582453.57 54.61 3.0
536385.94 6582456.53 56.5 1.0
536385.37 6582451.48 56.42 1.0
536385.44 6582456.05 56.0 1.0
536389.69 6582455.76 54.52 3.0
536391.13 6582455.79 54.4 3.0
536386.16 6582456.69 56.71 1.0
536390.92 6582455.37 54.39 3.0
536388.96 6582454.44 54.6 3.0
536385.26 6582453.5 56.13 1.0
536391.16 6582448.91 54.28 3.0
536386.95 6582453.67 56.09 0.0
536388.99 6582456.59 54.6 3.0
536389.84 6582454.9 54.49 3.0
536389.33 6582457.0 54.6 3.0
536384.0 6582452.55 54.84 1.0
536385.89 6582456.17 56.45 1.0
536384.88 6582457.46 55.28 1.0
536388.66 6582456.99 54.67 0.0
536384.11 6582453.34 54.86 1.0
536390.16 6582448.87 54.4 3.0
536388.39 6582453.98 54.65 3.0
536392.33 6582457.07 54.21 3.0
536386.96 6582455.82 56.36 0.0
536389.72 6582455.8 54.54 3.0
536384.24 6582453.48 54.95 1.0
536392.18 6582454.2 54.24 3.0
536385.23 6582454.93 55.85 1.0
536391.6 6582457.78 54.27 3.0
536384.41 6582453.06 55.14 1.0
536387.34 6582451.88 55.46 0.0
536384.86 6582453.36 55.68 1.0
536391.03 6582453.62 54.39 3.0
536386.48 6582457.0 56.85 0.0
536385.26 6582456.91 55.73 1.0
536389.23 6582454.09 54.58 3.0
536387.32 6582456.82 55.97 0.0
536384.86 6582454.41 55.57 1.0
536383.9 6582457.31 54.26 1.0
536386.55 6582452.03 56.35 0.0
536383.55 6582452.15 54.44 1.0
536386.44 6582451.98 56.39 0.0
536391.99 6582457.04 54.31 3.0
536390.98 6582455.33 54.41 3.0
536389.84 6582449.05 54.39 3.0
536385.59 6582456.99 56.12 1.0
536387.27 6582452.72 55.75 0.0
536388.1 6582451.21 54.66 3.0
536390.03 6582450.44 54.49 3.0
536384.72 6582455.32 55.4 1.0
536384.12 6582451.87 55.01 1.0
536389.07 6582452.17 54.53 3.0
536391.92 6582454.74 54.31 3.0
536386.67 6582456.7 56.7 0.0
536388.67 6582455.4 54.67 3.0
536384.47 6582455.82 55.04 1.0
536387.35 6582452.32 55.59 0.0
536388.44 6582451.82 54.65 3.0
536388.66 6582457.97 54.68 0.0
536388.59 6582457.57 54.88 0.0
536390.16 6582448.77 54.4 3.0
536384.03 6582451.47 54.96 1.0
536391.8 6582449.95 54.24 3.0
536388.11 6582452.09 54.71 0.0
536387.99 6582452.53 54.87 0.0
536386.01 6582452.26 56.87 0.0
536388.43 6582451.73 54.67 3.0
536390.35 6582454.69 54.44 3.0
536390.78 6582456.42 54.41 3.0
536385.16 6582451.23 56.26 1.0
536387.34 6582453.04 55.71 0.0
536391.18 6582448.79 54.31 3.0
536390.53 6582450.48 54.44 3.0
536384.26 6582454.79 54.82 1.0
536385.02 6582457.85 55.38 1.0
536388.71 6582449.2 54.48 2.0
536389.26 6582454.01 54.54 3.0
536390.99 6582456.05 54.38 3.0
536387.6 6582449.28 54.16 2.0
536389.57 6582453.82 54.53 3.0
536385.35 6582457.06 55.72 1.0
536385.68 6582453.26 56.42 1.0
536388.7 6582453.4 54.6 3.0
536384.45 6582457.15 54.85 1.0
536384.51 6582453.49 55.26 1.0
536388.32 6582450.32 54.31 2.0
536390.44 6582455.19 54.45 3.0
536391.11 6582452.57 54.34 3.0
536391.83 6582455.44 54.27 3.0
536385.46 6582454.46 56.28 1.0
536388.04 6582455.63 55.17 0.0
536390.35 6582457.02 54.54 3.0
536389.14 6582457.0 54.61 3.0
536386.34 6582454.64 56.87 0.0
536391.8 6582457.87 54.35 3.0
536384.98 6582455.18 55.71 1.0
536384.56 6582458.21 54.83 1.0
536391.27 6582456.74 54.36 3.0
536385.72 6582458.14 56.15 1.0
536385.68 6582456.67 56.18 1.0
536386.93 6582451.32 55.92 0.0
536385.95 6582453.99 56.8 1.0
536391.72 6582454.65 54.25 3.0
536388.93 6582455.6 54.68 3.0
536388.88 6582449.72 54.47 2.0
536387.39 6582455.6 55.75 0.0
536383.96 6582454.99 54.53 1.0
536387.28 6582456.34 56.12 0.0
536387.47 6582454.81 55.65 0.0
536390.9 6582454.11 54.37 3.0
536385.8 6582455.78 56.5 1.0
536388.15 6582449.11 54.35 2.0
536391.33 6582454.65 54.31 3.0
536386.56 6582452.29 56.32 0.0
536390.48 6582453.62 54.42 3.0
536390.27 6582457.07 54.52 3.0
536387.88 6582450.13 54.26 2.0
536383.59 6582453.42 54.32 1.0
536383.74 6582455.54 54.22 1.0
536388.85 6582451.2 54.61 3.0
536384.59 6582452.88 55.4 1.0
536387.66 6582455.62 55.47 0.0
536385.01 6582451.43 55.97 1.0
536392.21 6582457.57 54.23 3.0
536384.48 6582451.75 55.45 1.0
536386.71 6582453.94 56.47 0.0
536388.74 6582449.62 54.45 2.0
536388.99 6582452.49 54.55 3.0
536387.4 6582455.89 55.97 0.0
536387.07 6582452.2 55.75 0.0
536385.99 6582458.13 56.4 1.0
536384.24 6582452.22 55.22 1.0
536384.97 6582456.63 55.46 1.0
536387.69 6582449.02 54.24 2.0
536389.66 6582454.18 54.53 3.0
536390.16 6582452.84 54.42 3.0
536388.64 6582454.22 54.63 3.0
536385.5 6582456.85 55.96 1.0
536385.71 6582452.83 56.6 1.0
536390.37 6582456.68 54.52 3.0
536386.09 6582455.1 56.84 1.0
536388.0 6582457.02 55.35 0.0
536390.39 6582453.48 54.47 3.0
536385.39 6582452.61 56.34 1.0
536384.26 6582455.69 54.78 1.0
536384.53 6582454.87 55.2 1.0
536389.06 6582450.52 54.52 3.0
536387.1 6582457.72 56.34 0.0
536391.27 6582454.21 54.36 3.0
536388.85 6582450.7 54.54 2.0
536389.96 6582456.84 54.51 3.0
536387.06 6582454.45 56.02 0.0
536386.45 6582453.71 56.68 0.0
536387.92 6582450.49 54.24 2.0
536389.24 6582451.27 54.55 3.0
536391.49 6582452.92 54.29 3.0
536388.05 6582451.05 54.67 0.0
536388.6 6582455.55 54.72 3.0
536390.21 6582450.17 54.39 3.0
536387.85 6582455.19 55.41 0.0
536386.11 6582456.87 56.63 1.0
536391.08 6582455.69 54.35 3.0
536388.45 6582457.34 54.91 0.0
536387.55 6582451.01 55.12 0.0
536391.22 6582450.16 54.33 3.0
536387.82 6582455.2 55.29 0.0
536389.26 6582448.92 54.47 3.0
536385.46 6582453.03 56.32 1.0
536389.15 6582449.13 54.54 3.0
536385.61 6582457.77 55.97 1.0
536389.21 6582455.45 54.61 3.0
536387.74 6582449.75 54.23 2.0
536389.39 6582456.16 54.58 3.0
536391.5 6582454.55 54.38 3.0
536391.9 6582457.39 54.25 3.0
536389.68 6582448.93 54.47 3.0
536390.62 6582449.95 54.33 3.0
536384.35 6582455.54 54.95 1.0
536391.16 6582457.15 54.42 3.0
536388.19 6582453.81 54.93 0.0
536391.56 6582457.84 54.27 3.0
536390.84 6582449.28 54.34 3.0
536386.52 6582454.34 56.65 0.0
536390.78 6582455.12 54.45 3.0
536389.5 6582454.52 54.52 3.0
536389.02 6582451.42 54.6 3.0
536387.93 6582450.34 54.3 2.0
536384.48 6582454.82 55.11 1.0
536388.76 6582456.04 54.65 3.0
536392.29 6582457.28 54.16 3.0
536385.1 6582452.3 56.01 1.0
536387.86 6582452.44 55.11 0.0
536389.66 6582453.03 54.47 3.0
536385.84 6582456.47 56.37 1.0
536384.44 6582454.33 55.11 1.0
536389.57 6582456.87 54.59 3.0
536387.04 6582457.11 56.31 0.0
536389.25 6582456.65 54.61 3.0
536386.13 6582452.33 56.87 0.0
536385.8 6582452.5 56.77 1.0
536391.51 6582449.19 54.22 3.0
536389.21 6582452.4 54.54 3.0
536387.93 6582457.95 55.5 0.0
536387.24 6582457.9 56.19 0.0
536388.57 6582454.07 54.68 3.0
536388.54 6582450.9 54.6 3.0
536384.65 6582453.89 55.49 1.0
536384.9 6582452.18 55.94 1.0
536384.81 6582457.16 55.23 1.0
536391.63 6582455.02 54.29 3.0
536390.56 6582448.73 54.33 3.0
536389.47 6582451.66 54.5 3.0
536386.05 6582455.24 56.82 1.0
536385.92 6582454.43 56.73 1.0
536387.12 6582454.5 55.95 0.0
536384.79 6582454.68 55.37 1.0
536386.42 6582452.5 56.49 0.0
536391.61 6582450.69 54.26 3.0
536384.13 6582458.45 54.35 1.0
536389.34 6582454.34 54.57 3.0
536388.78 6582454.07 54.64 3.0
536391.41 6582457.62 54.32 3.0
536386.8 6582457.07 56.65 0.0
536391.15 6582457.88 54.33 3.0
536388.95 6582457.8 54.47 3.0
536392.1 6582453.6 54.21 3.0
536392.17 6582455.35 54.25 3.0
536387.09 6582451.25 55.77 0.0
536392.09 6582455.47 54.24 3.0
536391.39 6582452.54 54.32 3.0
536386.19 6582456.56 56.74 1.0
536391.41 6582449.36 54.26 3.0
536386.34 6582457.06 56.81 1.0
536387.99 6582455.61 55.13 0.0
536390.87 6582450.33 54.38 3.0
536389.38 6582451.78 54.57 3.0
536391.68 6582453.32 54.26 3.0
536387.53 6582457.37 55.98 0.0
536389.55 6582457.36 54.58 3.0
536386.84 6582456.74 56.53 0.0
536388.02 6582455.88 55.32 0.0
536389.76 6582453.48 54.43 3.0
536391.92 6582455.38 54.27 3.0
536391.6 6582450.6 54.28 3.0
536388.02 6582457.2 55.47 0.0
536387.24 6582451.29 55.52 0.0
536388.01 6582455.95 55.16 0.0
536388.09 6582450.26 54.29 2.0
536383.62 6582452.92 54.41 1.0
536384.38 6582453.43 55.18 1.0
536387.63 6582453.88 55.4 0.0
536391.15 6582453.1 54.31 3.0
536389.5 6582456.63 54.59 3.0
536387.94 6582456.74 55.33 0.0
536387.77 6582453.58 55.19 0.0
536390.3 6582449.81 54.36 3.0
536387.97 6582449.79 54.3 2.0
536390.83 6582455.04 54.35 3.0
536390.71 6582451.19 54.4 3.0
536384.67 6582452.57 55.52 1.0
536387.04 6582456.13 56.25 0.0
536388.06 6582449.45 54.35 2.0
536387.02 6582454.75 56.17 0.0
536385.85 6582457.85 56.29 1.0
536389.75 6582454.54 54.5 3.0
536390.76 6582453.07 54.33 3.0
536385.39 6582455.04 56.01 1.0
536386.98 6582454.13 56.21 0.0
536386.28 6582452.62 56.63 0.0
536383.93 6582456.33 54.33 1.0
536384.44 6582457.02 54.8 1.0
536384.25 6582453.06 55.09 1.0
536388.83 6582450.67 54.49 2.0
536389.32 6582456.35 54.64 3.0
536389.28 6582452.14 54.55 3.0
536386.84 6582454.1 56.3 0.0
536384.13 6582454.36 54.83 1.0
536383.94 6582451.63 54.92 1.0
536391.13 6582449.82 54.35 3.0
536390.59 6582451.76 54.39 3.0
536388.34 6582452.22 54.65 3.0
536391.31 6582452.18 54.32 3.0
536383.92 6582455.24 54.51 1.0
536384.21 6582452.26 55.06 1.0
536389.42 6582454.65 54.58 3.0
536386.89 6582451.19 55.86 0.0
536388.47 6582455.76 54.71 0.0
536384.02 6582457.82 54.27 1.0
536386.39 6582453.95 56.71 0.0
536391.83 6582452.54 54.22 3.0
536386.12 6582458.21 56.41 1.0
536384.34 6582456.62 54.74 1.0
536391.34 6582453.48 54.3 3.0
536388.13 6582457.53 55.2 0.0
536391.57 6582455.53 54.28 3.0
536387.65 6582457.98 55.8 0.0
536390.55 6582456.57 54.45 3.0
536386.29 6582451.19 56.43 0.0
536387.43 6582457.18 55.89 0.0
536386.41 6582453.11 56.53 0.0
536384.82 6582454.54 55.56 1.0
536388.97 6582453.73 54.57 3.0
536388.22 6582454.65 54.81 0.0
536390.56 6582457.76 54.43 3.0
536389.31 6582455.43 54.61 3.0
536390.32 6582453.35 54.43 3.0
536390.05 6582457.59 54.44 3.0
536390.02 6582452.43 54.44 3.0
536392.19 6582456.28 54.27 3.0
536386.88 6582452.96 56.08 0.0
536390.22 6582456.89 54.48 3.0
536389.78 6582450.25 54.5 3.0
536391.27 6582453.27 54.37 3.0
536389.39 6582457.04 54.58 3.0
536387.4 6582456.5 55.87 0.0
536387.43 6582454.71 55.82 0.0
536391.61 6582449.48 54.27 3.0
536390.92 6582454.18 54.41 3.0
536389.29 6582457.4 54.63 3.0
536390.71 6582449.61 54.34 3.0
536389.68 6582456.74 54.58 3.0
536386.83 6582455.36 56.36 0.0
536383.39 6582451.52 54.35 1.0
536389.6 6582455.37 54.55 3.0
536385.3 6582452.28 56.3 1.0
536392.13 6582457.84 54.19 3.0
536387.05 6582458.2 56.47 0.0
536386.8 6582457.55 56.65 0.0
536386.67 6582457.76 56.73 0.0
536389.32 6582450.19 54.52 3.0
536388.93 6582448.87 54.51 2.0
536390.23 6582452.92 54.44 3.0
536383.57 6582452.02 54.49 1.0
536389.31 6582451.62 54.47 3.0
536389.65 6582457.2 54.6 3.0
536389.82 6582454.46 54.54 3.0
536391.34 6582455.63 54.33 3.0
536389.04 6582450.46 54.54 2.0
536390.99 6582451.76 54.34 3.0
536387.45 6582457.86 56.03 0.0
536387.1 6582453.32 56.02 0.0
536386.68 6582456.07 56.74 0.0
536391.21 6582450.1 54.28 3.0
536388.93 6582456.53 54.63 3.0
536387.65 6582454.49 55.35 0.0
536388.1 6582456.31 55.11 0.0
536389.6 6582452.78 54.55 3.0
536390.3 6582453.57 54.45 3.0
536390.08 6582455.21 54.52 3.0
536385.91 6582457.83 56.36 1.0
536389.31 6582450.78 54.53 3.0
536387.86 6582451.59 54.91 0.0
536386.63 6582454.46 56.59 0.0
536389.37 6582457.44 54.62 3.0
536389.28 6582450.39 54.49 3.0
536388.24 6582451.58 54.69 3.0
536390.66 6582452.87 54.37 3.0
536391.06 6582452.67 54.36 3.0
536389.38 6582457.17 54.6 3.0
536390.09 6582455.91 54.53 3.0
536391.66 6582456.42 54.32 3.0
536386.55 6582451.19 56.16 0.0
536386.71 6582457.62 56.87 0.0
536388.49 6582453.72 54.67 3.0
536384.7 6582452.44 55.59 1.0
536391.61 6582448.61 54.25 3.0
536384.61 6582454.55 55.3 1.0
536390.75 6582455.88 54.39 3.0
536388.17 6582456.55 55.18 0.0
536388.79 6582449.55 54.46 2.0
536388.94 6582448.9 54.56 2.0
536385.05 6582454.15 55.76 1.0
536388.07 6582452.36 54.72 0.0
536384.23 6582456.98 54.57 1.0
536391.4 6582457.49 54.32 3.0
536387.75 6582449.61 54.25 2.0
536385.14 6582453.15 56.09 1.0
536388.35 6582457.28 55.1 0.0
536384.16 6582457.24 54.57 1.0
536388.64 6582457.66 54.72 0.0
536386.15 6582455.2 56.84 1.0
536388.91 6582452.31 54.58 3.0
536391.0 6582450.56 54.32 3.0
536390.23 6582451.62 54.43 3.0
536385.46 6582454.77 56.19 1.0
536384.9 6582454.89 55.63 1.0
536384.7 6582453.94 55.45 1.0
536387.63 6582452.83 55.23 0.0
536385.7 6582451.95 56.7 1.0
536391.73 6582453.51 54.29 3.0
536384.72 6582458.23 54.97 1.0
536390.59 6582450.51 54.36 3.0
536391.97 6582454.08 54.26 3.0
536384.09 6582453.68 54.85 1.0
536389.6 6582456.25 54.58 3.0
536390.49 6582452.64 54.39 3.0
536389.22 6582450.06 54.56 3.0
536387.94 6582454.31 55.06 0.0
536383.88 6582455.79 54.33 1.0
536383.87 6582451.91 54.75 1.0
536387.07 6582451.44 55.67 0.0
536389.74 6582457.25 54.57 3.0
536383.68 6582452.33 54.47 1.0
536390.26 6582449.35 54.4 3.0
536389.72 6582452.18 54.48 3.0
536383.97 6582452.34 54.91 1.0
536386.66 6582456.14 56.68 0.0
536391.66 6582453.64 54.31 3.0
536390.59 6582451.11 54.34 3.0
536391.37 6582456.07 54.32 3.0
536389.78 6582456.12 54.57 3.0
536387.37 6582454.48 55.68 0.0
536389.57 6582451.54 54.51 3.0
536391.57 6582451.65 54.29 3.0
536389.43 6582449.44 54.5 3.0
536389.08 6582456.27 54.62 3.0
536391.92 6582457.37 54.25 3.0
536388.22 6582457.87 55.15 0.0
536387.73 6582457.26 55.76 0.0
536388.15 6582452.31 54.73 0.0
536384.89 6582455.1 55.47 1.0
536389.12 6582455.09 54.61 3.0
536388.75 6582450.99 54.55 3.0
536388.44 6582456.12 54.91 0.0
536386.47 6582453.89 56.6 0.0
536387.52 6582453.8 55.6 0.0
536386.31 6582454.17 56.78 0.0
536388.63 6582455.29 54.68 3.0
536386.59 6582454.94 56.58 0.0
536385.79 6582455.75 56.37 1.0
536390.73 6582457.28 54.47 3.0
536388.78 6582453.2 54.64 3.0
536389.1 6582451.59 54.55 3.0
536387.28 6582451.24 55.6 0.0
536391.56 6582455.85 54.35 3.0
536384.33 6582454.38 55.03 1.0
536386.65 6582458.14 56.9 0.0
536388.28 6582457.7 55.1 0.0
536383.44 6582451.96 54.31 1.0
536388.94 6582451.1 54.62 3.0
536391.67 6582452.7 54.28 3.0
536386.76 6582452.55 56.19 0.0
536388.24 6582451.67 54.66 3.0
536391.0 6582454.85 54.37 3.0
536383.99 6582457.64 54.37 1.0
536390.29 6582451.43 54.41 3.0
536389.05 6582457.37 54.62 3.0
536385.95 6582453.81 56.81 1.0
536391.38 6582453.81 54.3 3.0
536391.11 6582449.0 54.26 3.0
536389.93 6582455.28 54.47 3.0
536386.26 6582457.71 56.71 1.0
536389.43 6582453.34 54.57 3.0
536387.6 6582454.12 55.56 0.0
536388.64 6582452.95 54.6 3.0
536389.75 6582453.37 54.49 3.0
536387.62 6582450.14 54.22 2.0
536385.57 6582451.52 56.59 1.0
536387.04 6582456.16 56.27 0.0
536388.17 6582455.12 54.95 0.0
536385.98 6582451.8 56.87 0.0
536386.92 6582452.67 55.92 0.0
536387.14 6582454.3 55.99 0.0
536386.19 6582453.39 56.9 0.0
536387.88 6582451.11 54.81 0.0
536390.53 6582455.56 54.48 3.0
536388.65 6582451.57 54.55 3.0
536384.24 6582458.02 54.49 1.0
536389.48 6582449.53 54.47 3.0
536389.62 6582453.9 54.51 3.0
536390.19 6582455.15 54.43 3.0
536391.66 6582455.25 54.3 3.0
536384.37 6582455.24 54.95 1.0
536388.95 6582457.05 54.74 3.0
536389.08 6582452.92 54.6 3.0
536384.76 6582451.41 55.75 1.0
536390.69 6582455.49 54.41 3.0
536387.04 6582455.53 56.17 0.0
536388.81 6582456.03 54.64 3.0
536391.09 6582451.38 54.34 3.0
536387.93 6582455.49 55.33 0.0
536383.75 6582454.57 54.42 1.0
536387.49 6582456.0 55.7 0.0
536385.06 6582458.18 55.37 1.0
536391.48 6582451.12 54.25 3.0
536386.76 6582455.65 56.49 0.0
536386.66 6582452.68 56.19 0.0
536390.87 6582457.0 54.39 3.0
536386.0 6582455.44 56.75 1.0
536388.93 6582455.36 54.6 3.0
536384.43 6582456.65 54.89 1.0
536391.1 6582456.45 54.44 3.0
536388.37 6582455.63 54.84 0.0
536388.11 6582454.72 55.03 0.0
536391.35 6582450.67 54.25 3.0
536387.12 6582456.52 56.22 0.0
536388.46 6582454.61 54.65 3.0
536387.35 6582454.37 55.87 0.0
536385.6 6582452.21 56.59 1.0
536384.57 6582451.83 55.54 1.0
536389.96 6582451.17 54.43 3.0
536385.6 6582451.54 56.65 1.0
536390.83 6582451.26 54.33 3.0
536387.94 6582451.88 54.83 0.0
536391.75 6582456.08 54.31 3.0
536391.53 6582449.96 54.2 3.0
536384.12 6582457.13 54.45 1.0
536390.82 6582454.45 54.37 3.0
536390.71 6582449.44 54.32 3.0
536390.52 6582448.84 54.42 3.0
536385.09 6582451.5 56.11 1.0
536391.42 6582448.86 54.24 3.0
536385.13 6582452.97 55.94 1.0
536383.81 6582453.18 54.56 1.0
536388.24 6582449.63 54.35 2.0
536390.21 6582455.34 54.5 3.0
536387.35 6582456.83 55.97 0.0
536389.78 6582451.9 54.43 3.0
536387.85 6582456.41 55.33 0.0
536387.6 6582451.37 55.26 0.0
536385.3 6582453.78 56.15 1.0
536385.97 6582454.94 56.71 1.0
536384.52 6582456.32 55.03 1.0
536387.16 6582455.68 56.11 0.0
536388.41 6582453.39 54.69 3.0
536391.9 6582455.73 54.29 3.0
536389.06 6582454.35 54.64 3.0
536391.34 6582449.2 54.25 3.0
536385.89 6582454.6 56.66 1.0
536390.68 6582456.46 54.47 3.0
536388.32 6582455.24 54.77 0.0
536389.32 6582455.04 54.61 3.0
536389.98 6582453.22 54.46 3.0
536385.21 6582455.49 55.85 1.0
536389.61 6582452.6 54.5 3.0
536389.04 6582451.72 54.55 3.0
536389.35 6582453.65 54.54 3.0
536389.65 6582451.88 54.49 3.0
536390.37 6582455.85 54.45 3.0
536387.0 6582451.63 55.81 0.0
536383.48 6582451.86 54.35 1.0
536390.98 6582453.8 54.33 3.0
536388.72 6582455.66 54.61 3.0
536391.78 6582451.38 54.23 3.0
536391.99 6582456.33 54.29 3.0
536384.6 6582452.58 55.48 1.0
536388.93 6582455.24 54.64 3.0
536388.4 6582457.26 55.0 0.0
536388.82 6582454.94 54.62 3.0
536388.59 6582449.19 54.41 2.0
536389.39 6582451.94 54.49 3.0
536385.61 6582453.89 56.4 1.0
536384.02 6582453.73 54.75 1.0
536384.24 6582457.58 54.64 1.0
536388.77 6582457.5 54.71 3.0
536384.33 6582452.47 55.17 1.0
536388.17 6582455.84 54.98 0.0
536386.68 6582451.53 56.14 0.0
536388.45 6582456.2 54.74 0.0
536389.4 6582455.96 54.53 3.0
536386.55 6582456.55 56.79 0.0
536389.43 6582452.05 54.57 3.0
536390.64 6582451.35 54.39 3.0
536384.64 6582456.89 55.1 1.0
536388.49 6582452.91 54.66 3.0
536388.9 6582456.38 54.63 3.0
536390.65 6582455.15 54.44 3.0
536389.57 6582455.28 54.55 3.0
536383.91 6582456.24 54.41 1.0
536389.33 6582449.02 54.46 3.0
536384.35 6582456.98 54.78 1.0
536387.1 6582452.01 55.86 0.0
536385.11 6582455.92 55.62 1.0
536392.01 6582455.11 54.29 3.0
536389.68 6582450.43 54.45 3.0
536387.63 6582457.96 55.76 0.0
536388.74 6582453.53 54.55 3.0
536391.4 6582454.81 54.31 3.0
536391.05 6582453.43 54.33 3.0
536389.9 6582448.85 54.4 3.0
536388.33 6582449.99 54.39 2.0
536391.87 6582451.0 54.24 3.0
536386.41 6582458.11 56.8 1.0
536386.64 6582453.85 56.43 0.0
536390.39 6582453.28 54.39 3.0
536388.28 6582453.89 54.7 0.0
536386.11 6582454.46 56.92 1.0
536385.42 6582455.85 55.98 1.0
536385.66 6582452.22 56.62 1.0
536391.78 6582451.34 54.25 3.0
536391.1 6582451.7 54.31 3.0
536387.37 6582457.54 56.12 0.0
536385.68 6582451.9 56.7 1.0
536386.95 6582456.92 56.44 0.0
536387.03 6582453.12 55.91 0.0
536386.37 6582458.07 56.86 1.0
536389.31 6582450.41 54.53 3.0
536391.57 6582452.14 54.31 3.0
536384.31 6582457.92 54.45 1.0
536387.77 6582456.18 55.61 0.0
536386.87 6582458.28 56.68 0.0
536386.66 6582451.1 56.04 0.0
536389.51 6582449.78 54.48 3.0
536391.4 6582450.78 54.29 3.0
536391.47 6582455.69 54.31 3.0
536387.48 6582456.18 55.76 0.0
536389.99 6582453.55 54.44 3.0
536385.42 6582458.19 55.7 1.0
536385.88 6582454.1 56.58 1.0
536387.47 6582451.32 55.23 0.0
536385.61 6582456.41 56.12 1.0
536384.39 6582453.69 55.14 1.0
536389.13 6582452.06 54.52 3.0
536387.2 6582455.99 56.14 0.0
536389.44 6582453.31 54.48 3.0
536391.97 6582453.64 54.22 3.0
536389.77 6582449.33 54.47 3.0
536384.71 6582457.55 55.05 1.0
536383.77 6582452.71 54.53 1.0
536388.15 6582454.97 54.92 0.0
536386.96 6582456.78 56.34 0.0
536385.2 6582458.09 55.49 1.0
536391.77 6582452.33 54.28 3.0
536391.77 6582451.36 54.26 3.0
536384.49 6582457.54 54.86 1.0
536391.13 6582449.71 54.27 3.0
536389.07 6582453.87 54.59 3.0
536390.56 6582452.64 54.45 3.0
536384.11 6582452.13 54.95 1.0
536384.16 6582455.84 54.63 1.0
536390.59 6582456.83 54.47 3.0
536386.9 6582455.08 56.22 0.0
536390.95 6582448.98 54.3 3.0
536384.55 6582457.22 54.96 1.0
536387.72 6582457.7 55.66 0.0
536391.18 6582456.42 54.37 3.0
536389.11 6582455.53 54.6 3.0
536387.36 6582453.33 55.55 0.0
536390.18 6582451.75 54.41 3.0
536390.81 6582451.65 54.37 3.0
536387.62 6582451.27 55.07 0.0
536388.01 6582454.03 54.91 0.0
536390.33 6582452.54 54.46 3.0
536387.28 6582454.11 55.72 0.0
536389.33 6582453.72 54.59 3.0
536386.72 6582454.57 56.45 0.0
536389.65 6582448.83 54.45 3.0
536388.66 6582449.97 54.41 2.0
536391.51 6582451.06 54.27 3.0
536388.0 6582455.1 55.2 0.0
536390.16 6582456.23 54.51 3.0
536389.04 6582450.55 54.5 2.0
536389.7 6582452.21 54.46 3.0
536386.85 6582452.29 56.17 0.0
536389.34 6582451.67 54.55 3.0
536388.09 6582457.32 55.24 0.0
536388.52 6582456.46 54.83 0.0
536385.51 6582456.11 56.02 1.0
536391.25 6582449.29 54.27 3.0
536387.24 6582455.72 55.98 0.0
536388.43 6582457.64 55.1 0.0
536391.91 6582456.41 54.27 3.0
536391.3 6582449.76 54.28 3.0
536389.82 6582454.24 54.49 3.0
536390.77 6582452.52 54.41 3.0
536390.77 6582450.39 54.29 3.0
536385.3 6582457.63 55.78 1.0
536390.38 6582451.79 54.41 3.0
536391.8 6582456.11 54.31 3.0
536388.1 6582456.22 55.25 0.0
536385.06 6582455.51 55.72 1.0
536390.82 6582457.65 54.38 3.0
536384.62 6582457.8 54.94 1.0
536387.55 6582456.55 55.88 0.0
536391.39 6582455.13 54.37 3.0
536386.82 6582453.46 56.32 0.0
536386.03 6582457.19 56.44 1.0
536384.49 6582452.13 55.43 1.0
536389.62 6582455.22 54.58 3.0
536389.69 6582453.13 54.53 3.0
536388.51 6582455.19 54.75 3.0
536385.77 6582452.01 56.78 1.0
536386.66 6582454.62 56.46 0.0
536391.03 6582449.86 54.34 3.0
536391.69 6582451.04 54.24 3.0
536391.27 6582450.99 54.24 3.0
536390.51 6582454.09 54.42 3.0
536386.74 6582456.77 56.62 0.0
536390.02 6582451.8 54.44 3.0
536383.95 6582457.31 54.21 1.0
536387.97 6582458.02 55.51 0.0
536390.71 6582454.1 54.39 3.0
536391.74 6582455.08 54.29 3.0
536387.68 6582454.45 55.46 0.0
536385.98 6582454.52 56.65 1.0
536389.24 6582451.49 54.5 3.0
536390.48 6582456.27 54.49 3.0
536389.3 6582452.75 54.57 3.0
536386.54 6582456.87 56.92 0.0
536388.75 6582450.27 54.44 2.0
536390.89 6582452.13 54.4 3.0
536385.71 6582456.02 56.3 1.0
536386.55 6582453.23 56.56 0.0
536391.58 6582456.75 54.31 3.0
536389.03 6582457.46 54.67 3.0
536386.69 6582455.97 56.6 0.0
536392.01 6582456.7 54.31 3.0
536391.62 6582453.9 54.31 3.0
536386.58 6582455.25 56.68 0.0
536385.59 6582452.87 56.38 1.0
536388.47 6582453.65 54.65 3.0
536390.21 6582450.34 54.42 3.0
536387.62 6582450.17 54.19 2.0
536384.07 6582457.98 54.38 1.0
536387.38 6582453.39 55.61 0.0
536384.66 6582453.11 55.49 1.0
536389.78 6582453.52 54.52 3.0
536388.8 6582454.42 54.61 3.0
536390.27 6582454.47 54.51 3.0
536388.82 6582449.39 54.5 2.0
536391.58 6582451.51 54.23 3.0
536389.52 6582452.95 54.49 3.0
536390.65 6582453.04 54.43 3.0
536390.17 6582448.96 54.43 3.0
536384.16 6582456.1 54.6 1.0
536390.02 6582455.62 54.49 3.0
536385.79 6582453.72 56.53 1.0
536384.14 6582452.14 55.04 1.0
536390.88 6582456.81 54.39 3.0
536387.21 6582452.7 55.72 0.0
536391.67 6582451.77 54.29 3.0
536384.02 6582458.23 54.31 1.0
536390.94 6582451.91 54.3 3.0
536389.58 6582451.02 54.52 3.0
536389.19 6582454.32 54.54 3.0
536389.08 6582455.99 54.58 3.0
536391.32 6582451.86 54.31 3.0
536389.44 6582457.74 54.45 3.0
536389.51 6582450.03 54.48 3.0
536389.48 6582451.15 54.54 3.0
536388.98 6582452.75 54.61 3.0
536390.21 6582457.95 54.52 3.0
536391.2 6582452.94 54.3 3.0
536386.64 6582452.99 56.33 0.0
536384.59 6582454.37 55.3 1.0
536391.48 6582449.87 54.28 3.0
536390.03 6582453.66 54.47 3.0
536385.22 6582455.69 55.83 1.0
536389.38 6582456.66 54.61 3.0
536387.86 6582453.69 55.26 0.0
536388.74 6582457.31 54.65 3.0
536384.83 6582452.47 55.76 1.0
536386.11 6582453.36 56.9 0.0
536388.2 6582456.69 55.08 0.0
536388.4 6582454.92 54.65 0.0
536384.51 6582452.24 55.47 1.0
536390.79 6582456.67 54.46 3.0
536387.06 6582454.47 56.14 0.0
536390.32 6582449.94 54.42 3.0
536389.76 6582450.76 54.44 3.0
536389.16 6582455.91 54.6 3.0
536385.3 6582456.48 55.9 1.0
536389.83 6582453.13 54.51 3.0
536390.68 6582450.75 54.33 3.0
536386.15 6582456.24 56.68 1.0
536384.42 6582457.24 54.81 1.0
536388.31 6582456.42 54.89 0.0
536390.23 6582457.99 54.44 3.0
536384.6 6582453.88 55.28 1.0
536384.17 6582453.38 54.97 1.0
536388.53 6582451.47 54.63 3.0
536388.5 6582449.15 54.44 2.0
536387.33 6582454.33 55.7 0.0
536385.64 6582455.23 56.35 1.0
536384.81 6582457.16 55.18 1.0
536389.72 6582454.83 54.54 3.0
536389.29 6582452.54 54.57 3.0
536387.93 6582452.94 54.95 0.0
536386.51 6582451.69 56.3 0.0
536384.17 6582454.38 54.79 1.0
536390.57 6582455.47 54.42 3.0
536387.95 6582450.83 54.54 2.0
536385.84 6582452.29 56.85 1.0
536388.48 6582450.68 54.4 2.0
536387.73 6582451.71 55.0 0.0
536388.4 6582450.96 54.66 3.0
536384.44 6582455.55 54.93 1.0
536386.36 6582452.28 56.52 0.0
536387.68 6582451.71 55.23 0.0
536385.95 6582455.4 56.55 1.0
536391.33 6582453.83 54.38 3.0
536389.22 6582456.7 54.59 3.0
536387.69 6582452.96 55.28 0.0
536389.65 6582454.06 54.55 3.0
536391.49 6582457.12 54.33 3.0
536385.45 6582451.81 56.49 1.0
536384.76 6582452.95 55.59 1.0
536389.52 6582455.61 54.59 3.0
536384.52 6582451.67 55.49 1.0
536390.3 6582451.55 54.44 3.0
536390.1 6582454.33 54.47 3.0
536386.92 6582455.17 56.25 0.0
536388.18 6582457.87 55.36 0.0
536384.3 6582454.08 55.01 1.0
536388.16 6582457.02 55.11 0.0
536388.56 6582456.59 54.7 0.0
536388.42 6582449.47 54.4 2.0
536391.32 6582457.83 54.31 3.0
536388.58 6582454.84 54.68 3.0
536390.56 6582453.96 54.4 3.0
536389.14 6582450.09 54.59 3.0
536391.62 6582457.13 54.33 3.0
536388.24 6582456.7 55.05 0.0
536384.13 6582457.39 54.43 1.0
536389.4 6582449.86 54.48 3.0
536389.13 6582458.03 54.37 3.0
536390.35 6582449.7 54.43 3.0
536391.25 6582453.83 54.3 3.0
536385.38 6582458.32 55.67 1.0
536384.96 6582453.79 55.73 1.0
536389.89 6582455.09 54.49 3.0
536388.91 6582449.03 54.56 2.0
536386.88 6582455.49 56.37 0.0
536390.21 6582452.7 54.47 3.0
536384.3 6582453.65 55.15 1.0
536389.52 6582457.75 54.49 3.0
536392.3 6582455.86 54.24 3.0
536384.19 6582457.58 54.5 1.0
536389.58 6582457.1 54.59 3.0
536384.0 6582455.62 54.53 1.0
536388.86 6582456.65 54.72 3.0
536389.17 6582453.49 54.56 3.0
536389.16 6582457.44 54.61 3.0
536388.0 6582450.6 54.25 2.0
536385.8 6582454.27 56.62 1.0
536388.78 6582453.74 54.59 3.0
536386.46 6582458.33 56.94 1.0
536388.89 6582454.06 54.6 3.0
536390.12 6582450.52 54.39 3.0
536384.32 6582452.56 55.29 1.0
536391.96 6582452.06 54.28 3.0
536384.25 6582454.68 54.9 1.0
536390.96 6582450.7 54.35 3.0
536391.77 6582453.68 54.25 3.0
536391.74 6582450.66 54.22 3.0
536391.01 6582455.73 54.41 3.0
536388.93 6582454.76 54.63 3.0
536384.48 6582458.52 54.73 1.0
536388.56 6582451.22 54.58 3.0
536389.73 6582452.23 54.5 3.0
536387.8 6582457.59 55.7 0.0
536384.45 6582455.19 55.04 1.0
536387.34 6582458.26 56.08 0.0
536385.27 6582452.04 56.28 1.0
536391.42 6582453.15 54.3 3.0
536384.87 6582451.56 55.9 1.0
536389.59 6582450.08 54.47 3.0
536385.7 6582455.36 56.31 1.0
536390.42 6582451.77 54.38 3.0
536391.54 6582456.76 54.37 3.0
536389.34 6582454.25 54.58 3.0
536391.82 6582452.72 54.29 3.0
536385.41 6582454.67 56.11 1.0
536385.54 6582454.78 56.32 1.0
536388.54 6582449.7 54.4 2.0
536389.67 6582448.93 54.44 3.0
536384.39 6582451.36 55.36 1.0
536384.68 6582458.28 54.93 1.0
536390.13 6582457.24 54.51 3.0
536391.58 6582449.51 54.21 3.0
536387.0 6582451.73 55.8 0.0
536388.4 6582450.58 54.37 2.0
536389.6 6582455.38 54.53 3.0
536385.79 6582452.34 56.76 1.0
536387.78 6582453.33 55.27 0.0
536384.25 6582456.54 54.7 1.0
536386.04 6582451.59 56.76 0.0
536387.71 6582452.81 55.16 0.0
536384.41 6582452.46 55.34 1.0
536389.14 6582453.04 54.54 3.0
536389.91 6582452.98 54.5 3.0
536389.59 6582450.12 54.5 3.0
536392.12 6582457.71 54.24 3.0
536385.94 6582456.06 56.5 1.0
536385.17 6582453.16 55.99 1.0
536386.89 6582452.06 55.99 0.0
536387.53 6582452.46 55.28 0.0
536388.73 6582457.28 54.71 3.0
536384.73 6582456.75 55.08 1.0
536389.19 6582450.05 54.53 3.0
536389.82 6582451.84 54.47 3.0
536390.51 6582451.41 54.38 3.0
536389.12 6582457.12 54.68 3.0
536390.36 6582451.02 54.39 3.0
536383.89 6582453.0 54.66 1.0
536390.43 6582449.83 54.37 3.0
536386.99 6582454.74 56.12 0.0
536388.23 6582449.92 54.31 2.0
536389.15 6582450.89 54.57 3.0
536390.13 6582451.96 54.45 3.0
536390.62 6582454.47 54.42 3.0
536392.13 6582455.09 54.24 3.0
536391.69 6582450.97 54.28 3.0
536389.29 6582456.28 54.58 3.0
536386.77 6582451.95 56.23 0.0
536388.51 6582453.83 54.65 3.0
536391.52 6582450.35 54.27 3.0
536385.22 6582457.31 55.73 1.0
536391.31 6582451.81 54.33 3.0
536392.04 6582454.76 54.23 3.0
536388.0 6582454.35 54.99 0.0
536385.42 6582454.19 56.17 1.0
536387.7 6582453.86 55.3 0.0
536387.77 6582457.11 55.55 0.0
536388.43 6582456.89 55.0 0.0
536391.25 6582449.57 54.27 3.0
536391.7 6582449.26 54.19 3.0
536383.84 6582456.25 54.27 1.0
536387.81 6582453.59 55.15 0.0
536391.35 6582449.51 54.3 3.0
536391.58 6582449.51 54.29 3.0
536387.12 6582455.22 56.07 0.0
536389.56 6582453.7 54.55 3.0
536384.69 6582454.25 55.45 1.0
536387.21 6582456.87 56.23 0.0
536383.81 6582453.39 54.61 1.0
536391.41 6582454.16 54.35 3.0
536389.34 6582449.32 54.53 3.0
536390.23 6582450.26 54.45 3.0
536391.68 6582455.29 54.33 3.0
536390.69 6582449.57 54.38 3.0
536391.08 6582454.54 54.36 3.0
536386.88 6582451.43 55.88 0.0
536383.49 6582451.43 54.49 1.0
536387.85 6582456.5 55.55 0.0
536385.3 6582457.66 55.68 1.0
536391.51 6582452.78 54.26 3.0
536385.01 6582454.43 55.75 1.0
536391.55 6582455.36 54.32 3.0
536389.53 6582454.26 54.54 3.0
536384.4 6582457.82 54.73 1.0
536388.98 6582455.6 54.62 3.0
536388.85 6582457.84 54.65 3.0
536388.43 6582454.83 54.76 0.0
536385.6 6582451.34 56.71 1.0
536387.51 6582452.91 55.45 0.0
536389.89 6582452.84 54.47 3.0
536390.35 6582454.79 54.47 3.0
536389.7 6582455.76 54.57 3.0
536388.08 6582453.72 54.87 0.0
536385.99 6582454.13 56.82 1.0
536383.91 6582454.16 54.59 1.0
536391.41 6582451.45 54.3 3.0
536387.59 6582456.37 55.62 0.0
536386.39 6582454.22 56.69 0.0
536388.2 6582455.09 55.05 0.0
536385.72 6582453.93 56.57 1.0
536390.58 6582455.88 54.45 3.0
536385.96 6582457.5 56.43 1.0
536391.18 6582454.96 54.33 3.0
536389.99 6582455.56 54.53 3.0
536387.28 6582455.25 55.93 0.0
536389.98 6582454.73 54.47 3.0
536387.61 6582452.62 55.38 0.0
536391.37 6582452.89 54.34 3.0
536385.74 6582457.13 56.21 1.0
536383.98 6582453.85 54.71 1.0
536392.36 6582457.58 54.21 3.0
536388.75 6582454.02 54.61 3.0
536391.11 6582450.51 54.34 3.0
536391.83 6582455.74 54.27 3.0
536389.12 6582451.84 54.59 3.0
536386.66 6582452.13 56.18 0.0
536384.44 6582456.14 54.89 1.0
536388.68 6582455.92 54.7 3.0
536385.2 6582452.24 56.09 1.0
536390.07 6582453.22 54.43 3.0
536389.48 6582453.33 54.55 3.0
536387.63 6582455.57 55.52 0.0
536392.06 6582453.27 54.2 3.0
536390.96 6582457.91 54.42 3.0
536391.32 6582452.42 54.29 3.0
536384.8 6582456.28 55.33 1.0
536386.27 6582451.68 56.66 0.0
536385.03 6582452.97 55.89 1.0
536386.94 6582457.52 56.53 0.0
536388.48 6582455.18 54.68 0.0
536383.76 6582454.92 54.34 1.0
536387.69 6582456.83 55.58 0.0
536388.81 6582452.25 54.58 3.0
536387.16 6582456.1 56.04 0.0
536390.85 6582450.05 54.28 3.0
536386.39 6582454.51 56.71 0.0
536384.39 6582455.48 54.95 1.0
536389.03 6582454.83 54.63 3.0
536388.33 6582456.67 54.96 0.0
536388.09 6582453.12 54.75 0.0
536383.93 6582455.93 54.44 1.0
536385.4 6582457.27 55.79 1.0
536385.26 6582456.67 55.68 1.0
536391.85 6582456.63 54.27 3.0
536386.94 6582452.64 56.1 0.0
536386.63 6582453.26 56.38 0.0
536384.19 6582454.49 54.87 1.0
536386.21 6582452.66 56.85 0.0
536384.05 6582452.65 54.97 1.0
536391.53 6582457.83 54.27 3.0
536390.96 6582453.09 54.35 3.0
536390.67 6582451.93 54.36 3.0
536391.02 6582452.02 54.31 3.0
536385.51 6582454.56 56.24 1.0
536383.99 6582456.57 54.48 1.0
536392.09 6582456.67 54.31 3.0
536388.84 6582449.24 54.48 2.0
536387.28 6582453.54 55.68 0.0
536389.48 6582451.39 54.55 3.0
536387.75 6582457.95 55.73 0.0
536389.97 6582449.52 54.44 3.0
536384.69 6582455.67 55.26 1.0
536384.89 6582455.94 55.44 1.0
536389.05 6582453.38 54.57 3.0
536389.87 6582453.89 54.53 3.0
536390.6 6582449.2 54.39 3.0
536388.12 6582450.42 54.3 2.0
536388.1 6582456.16 55.11 0.0
536389.64 6582451.83 54.44 3.0
536385.63 6582453.6 56.53 1.0
536384.64 6582456.49 55.13 1.0
536384.22 6582454.05 54.92 1.0
536391.57 6582451.37 54.26 3.0
536387.5 6582452.65 55.33 0.0
536385.66 6582456.82 56.16 1.0
536385.59 6582455.67 56.2 1.0
536391.83 6582450.32 54.2 3.0
536383.56 6582452.91 54.36 1.0
536390.68 6582452.16 54.42 3.0
536388.52 6582452.69 54.6 3.0
536388.29 6582457.07 55.01 0.0
536389.82 6582454.79 54.52 3.0
536385.86 6582455.02 56.48 1.0
536386.86 6582457.43 56.59 0.0
536385.79 6582453.14 56.71 1.0
536388.9 6582452.85 54.56 3.0
536391.09 6582454.88 54.4 3.0
536384.49 6582453.3 55.3 1.0
536390.0 6582454.74 54.47 3.0
536386.33 6582452.75 56.56 0.0
536385.47 6582453.72 56.29 1.0
536389.19 6582456.69 54.66 3.0
536386.21 6582452.92 56.74 0.0
536387.64 6582456.91 55.8 0.0
536387.05 6582458.05 56.46 0.0
536388.6 6582453.01 54.61 3.0
536384.92 6582454.77 55.62 1.0
536389.25 6582453.98 54.52 3.0
536383.87 6582453.13 54.59 1.0
536385.29 6582452.63 56.15 1.0
536387.92 6582456.06 55.33 0.0
536392.04 6582457.38 54.18 3.0
536389.36 6582450.75 54.5 3.0
536385.14 6582456.98 55.65 1.0
536391.22 6582454.11 54.33 3.0
536385.91 6582455.76 56.61 1.0
536388.51 6582457.97 54.98 0.0
536385.2 6582457.54 55.58 1.0
536388.6 6582456.78 54.74 0.0
536388.08 6582455.44 55.08 0.0
536384.42 6582454.05 55.16 1.0
536384.89 6582456.0 55.51 1.0
536389.29 6582457.09 54.65 3.0
536390.41 6582457.26 54.42 3.0
536388.75 6582454.84 54.66 3.0
536389.39 6582453.12 54.53 3.0
536390.85 6582452.88 54.39 3.0
536385.27 6582458.19 55.6 1.0
536391.41 6582452.24 54.27 3.0
536385.55 6582453.25 56.44 1.0
536386.78 6582452.66 56.13 0.0
536385.14 6582455.99 55.66 1.0
536391.52 6582454.28 54.33 3.0
536391.21 6582450.05 54.26 3.0
536386.05 6582455.84 56.64 1.0
536391.67 6582455.89 54.28 3.0
536391.47 6582455.98 54.34 3.0
536389.23 6582455.4 54.61 3.0
536387.52 6582455.3 55.64 0.0
536391.61 6582449.62 54.19 3.0
536385.62 6582455.09 56.41 1.0
536387.88 6582453.94 55.1 0.0
536387.11 6582452.8 55.78 0.0
536388.73 6582451.9 54.57 3.0
536387.62 6582457.11 55.73 0.0
536384.08 6582454.94 54.67 1.0
536391.69 6582457.02 54.35 3.0
536390.74 6582453.42 54.42 3.0
536384.95 6582454.02 55.7 1.0
536387.63 6582452.44 55.24 0.0
536388.99 6582456.73 54.62 3.0
536388.37 6582455.79 54.96 0.0
536389.73 6582450.62 54.43 3.0
536384.42 6582451.87 55.42 1.0
536387.16 6582452.56 55.67 0.0
536389.26 6582457.81 54.53 3.0
536386.49 6582452.06 56.49 0.0
536389.24 6582450.53 54.53 3.0
536387.4 6582455.1 55.78 0.0
536386.31 6582452.94 56.7 0.0
536391.7 6582449.85 54.25 3.0
536391.79 6582450.23 54.27 3.0
536385.47 6582457.15 55.98 1.0
536385.75 6582458.33 56.12 1.0
536387.95 6582454.04 55.16 0.0
536388.87 6582454.64 54.62 3.0
536388.99 6582452.93 54.57 3.0
536387.91 6582451.32 54.78 0.0
536387.18 6582452.51 55.66 0.0
536385.51 6582455.99 56.08 1.0
536392.01 6582456.18 54.25 3.0
536389.07 6582451.22 54.55 3.0
536386.22 6582452.34 56.64 0.0
536389.48 6582455.62 54.55 3.0
536390.97 6582452.31 54.39 3.0
536384.63 6582456.36 55.07 1.0
536390.97 6582450.48 54.3 3.0
536385.72 6582455.47 56.42 1.0
536389.27 6582453.1 54.57 3.0
536390.73 6582451.0 54.4 3.0
536391.15 6582453.04 54.36 3.0
536384.93 6582458.14 55.22 1.0
536391.36 6582456.0 54.37 3.0
536390.7 6582456.1 54.4 3.0
536390.5 6582452.8 54.41 3.0
536388.48 6582454.57 54.63 3.0
536388.68 6582456.41 54.65 3.0
536389.41 6582450.81 54.49 3.0
536388.82 6582453.21 54.58 3.0
536385.45 6582457.47 55.86 1.0
536385.89 6582457.72 56.25 1.0
536387.34 6582451.68 55.41 0.0
536388.72 6582454.55 54.64 3.0
536388.04 6582454.41 55.16 0.0
536388.98 6582454.22 54.6 3.0
536391.59 6582452.94 54.29 3.0
536388.96 6582451.36 54.57 3.0
536390.9 6582451.28 54.34 3.0
536388.29 6582452.81 54.66 3.0
536386.05 6582451.14 56.88 0.0
536387.15 6582454.82 56.11 0.0
536391.31 6582450.55 54.31 3.0
536391.31 6582450.43 54.26 3.0
536384.31 6582458.16 54.58 1.0
536389.72 6582453.53 54.53 3.0
536388.2 6582452.46 54.64 0.0
536390.89 6582450.15 54.31 3.0
536388.54 6582450.44 54.39 2.0
536388.25 6582456.09 55.01 0.0
536386.26 6582454.29 56.92 0.0
536384.55 6582456.75 54.98 1.0
536387.9 6582449.07 54.3 2.0
536385.87 6582452.21 56.88 1.0
536386.63 6582453.59 56.48 0.0
536389.55 6582451.47 54.48 3.0
536390.39 6582456.19 54.44 3.0
536391.21 6582455.46 54.39 3.0
536391.05 6582450.8 54.31 3.0
536385.51 6582457.3 56.0 1.0
536385.06 6582456.3 55.58 1.0
536387.44 6582453.66 55.5 0.0
536392.07 6582453.68 54.26 3.0
536389.14 6582454.69 54.62 3.0
536383.4 6582451.75 54.35 1.0
536387.01 6582453.02 55.86 0.0
536387.35 6582453.26 55.56 0.0
536389.02 6582455.95 54.62 3.0
536387.77 6582454.38 55.31 0.0
536390.96 6582457.13 54.44 3.0
536392.0 6582457.01 54.3 3.0
536386.85 6582452.37 56.0 0.0
536390.48 6582453.68 54.46 3.0
536391.73 6582452.35 54.28 3.0
536388.43 6582452.32 54.65 3.0
536384.81 6582451.86 55.86 1.0
536384.07 6582456.47 54.5 1.0
536391.07 6582454.97 54.38 3.0
536385.85 6582457.94 56.26 1.0
536384.82 6582457.15 55.15 1.0
536385.74 6582456.88 56.21 1.0
536387.59 6582453.35 55.43 0.0
536384.64 6582457.91 54.97 1.0
536384.76 6582453.24 55.6 1.0
536385.7 6582457.44 56.13 1.0
536387.75 6582456.0 55.46 0.0
536391.27 6582456.78 54.35 3.0
536390.78 6582456.08 54.43 3.0
536388.95 6582450.83 54.6 3.0
536386.29 6582457.77 56.82 1.0
536385.68 6582455.34 56.35 1.0
536385.69 6582451.68 56.76 1.0
536386.8 6582454.05 56.24 0.0
536388.24 6582453.55 54.75 0.0
536391.93 6582456.37 54.33 3.0
536383.8 6582453.39 54.51 1.0
536388.58 6582453.28 54.66 3.0
536391.64 6582457.49 54.28 3.0
536388.86 6582454.05 54.61 3.0
536389.64 6582456.15 54.53 3.0
536390.78 6582452.53 54.4 3.0
536390.08 6582453.6 54.45 3.0
536390.83 6582456.93 54.45 3.0
536385.87 6582453.2 56.75 1.0
536390.07 6582449.16 54.46 3.0
536385.36 6582456.58 55.85 1.0
536391.59 6582453.6 54.24 3.0
536388.83 6582457.64 54.64 3.0
536389.45 6582448.91 54.5 3.0
536387.95 6582449.67 54.31 2.0
536388.24 6582452.6 54.67 3.0
536388.57 6582450.32 54.4 2.0
536387.21 6582453.83 55.76 0.0
536387.71 6582449.79 54.21 2.0
536385.22 6582453.48 56.12 1.0
536386.98 6582451.83 55.8 0.0
536388.01 6582450.68 54.29 2.0
536390.47 6582455.85 54.43 3.0
536385.29 6582457.93 55.63 1.0
536387.57 6582457.39 55.8 0.0
536384.28 6582455.82 54.83 1.0
536386.79 6582457.93 56.78 0.0
536389.04 6582449.29 54.57 3.0
536388.57 6582449.52 54.43 2.0
536389.22 6582452.71 54.55 3.0
536388.13 6582450.54 54.31 2.0
536391.84 6582452.56 54.22 3.0
536385.51 6582454.28 56.28 1.0
536387.45 6582457.9 56.08 0.0
536390.0 6582449.23 54.4 3.0
536385.54 6582452.16 56.53 1.0
536392.17 6582456.33 54.25 3.0
536387.85 6582453.25 55.07 0.0
536384.84 6582453.56 55.66 1.0
536386.96 6582454.97 56.33 0.0
536391.36 6582456.38 54.38 3.0
536392.36 6582456.58 54.27 3.0
536389.58 6582456.56 54.6 3.0
536385.76 6582455.04 56.44 1.0
536390.78 6582452.37 54.35 3.0
536383.77 6582451.5 54.68 1.0
536386.96 6582453.41 56.03 0.0
536391.47 6582454.01 54.3 3.0
536391.86 6582450.6 54.18 3.0
536389.25 6582455.56 54.58 3.0
536390.21 6582451.15 54.43 3.0
536388.0 6582452.65 54.82 0.0
536388.86 6582450.24 54.49 2.0
536391.5 6582452.61 54.28 3.0
536386.16 6582452.11 56.79 0.0
536387.56 6582455.23 55.55 0.0
536391.76 6582452.9 54.24 3.0
536390.43 6582454.42 54.39 3.0
536384.77 6582455.36 55.38 1.0
536390.53 6582450.46 54.37 3.0
536390.88 6582452.77 54.32 3.0
536387.72 6582453.22 55.16 0.0
536384.05 6582454.16 54.78 1.0
536383.98 6582455.36 54.48 1.0
536389.81 6582448.87 54.43 3.0
536385.67 6582454.23 56.41 1.0
536387.69 6582455.79 55.68 0.0
536388.11 6582453.49 54.95 0.0
536391.87 6582454.45 54.3 3.0
536387.26 6582451.97 55.65 0.0
536387.51 6582456.28 55.8 0.0
536388.1 6582457.55 55.45 0.0
536384.79 6582451.89 55.79 1.0
536387.25 6582457.09 56.09 0.0
536391.44 6582456.36 54.39 3.0
536385.23 6582456.19 55.82 1.0
536391.42 6582454.28 54.32 3.0
536386.29 6582453.65 56.76 0.0
536386.94 6582453.79 56.02 0.0
536387.09 6582453.37 55.84 0.0
536385.17 6582456.27 55.63 1.0
536391.57 6582455.61 54.33 3.0
536387.87 6582454.91 55.29 0.0
536386.5 6582453.45 56.48 0.0
536389.8 6582455.5 54.53 3.0
536386.32 6582454.53 56.84 0.0
536392.0 6582455.04 54.26 3.0
536387.8 6582451.99 54.95 0.0
536390.18 6582454.82 54.49 3.0
536391.19 6582451.0 54.34 3.0
536390.06 6582450.12 54.43 3.0
536384.29 6582453.79 55.09 1.0
536385.43 6582456.29 55.99 1.0
536389.05 6582449.5 54.54 3.0
536383.83 6582455.91 54.26 1.0
536384.14 6582452.98 55.04 1.0
536389.33 6582455.21 54.56 3.0
536388.56 6582455.78 54.69 3.0
536387.54 6582454.08 55.45 0.0
536391.23 6582451.85 54.37 3.0
536383.53 6582453.31 54.28 1.0
536390.47 6582453.8 54.44 3.0
536390.57 6582453.31 54.46 3.0
536386.83 6582452.31 55.96 0.0
536385.34 6582456.46 55.89 1.0
536384.84 6582455.08 55.53 1.0
536390.18 6582448.76 54.44 3.0
536383.68 6582453.85 54.32 1.0
536390.43 6582455.02 54.42 3.0
536388.39 6582456.09 54.8 0.0
536388.88 6582453.67 54.59 3.0
536390.51 6582450.18 54.37 3.0
536385.75 6582454.81 56.47 1.0
536384.97 6582455.64 55.58 1.0
536386.36 6582457.3 56.85 1.0
536387.25 6582456.46 56.01 0.0
536383.73 6582455.56 54.32 1.0
536388.2 6582451.71 54.68 3.0
536389.64 6582457.63 54.49 3.0
536385.89 6582452.76 56.8 1.0
536388.38 6582457.44 54.95 0.0
536386.75 6582453.43 56.31 0.0
536392.18 6582454.31 54.2 3.0
536391.03 6582452.26 54.32 3.0
536386.58 6582452.46 56.32 0.0
536387.53 6582452.28 55.43 0.0
536386.79 6582451.07 55.94 0.0
536391.09 6582450.23 54.28 3.0
536388.46 6582453.49 54.63 3.0
536390.04 6582451.97 54.46 3.0
536387.4 6582454.77 55.76 0.0
536385.76 6582451.59 56.83 1.0
536387.67 6582453.69 55.4 0.0
536387.86 6582454.63 55.2 0.0
536386.02 6582454.73 56.74 1.0
536390.93 6582449.71 54.3 3.0
536390.2 6582456.32 54.49 3.0
536388.96 6582450.22 54.46 2.0
536387.71 6582455.25 55.38 0.0
536384.07 6582456.9 54.51 1.0
536387.86 6582449.29 54.29 2.0
536392.39 6582456.86 54.23 3.0
536388.41 6582450.97 54.61 3.0
536389.75 6582449.41 54.44 3.0
536389.84 6582453.75 54.44 3.0
536388.64 6582451.08 54.58 3.0
536384.54 6582455.68 55.07 1.0