536047.1 6582232.21 52.61 1.0
536042.64 6582234.4 52.52 1.0
536046.88 6582231.28 52.57 0.0
536045.22 6582236.56 52.32 1.0
536043.16 6582229.67 52.35 0.0
536044.55 6582235.99 52.36 1.0
536044.31 6582230.14 52.46 0.0
536046.45 6582230.08 52.47 0.0
536047.41 6582230.41 52.5 0.0
536046.06 6582234.11 52.49 1.0
536045.81 6582232.59 52.6 1.0
536043.59 6582230.7 52.44 0.0
536047.55 6582233.68 52.47 1.0
536044.52 6582230.83 52.49 0.0
536048.05 6582231.33 52.6 0.0
536044.44 6582233.32 52.57 1.0
536045.22 6582232.03 52.6 0.0
536045.92 6582229.1 52.35 0.0
536045.15 6582233.53 52.55 1.0
536044.14 6582228.52 52.18 0.0
536042.52 6582235.26 52.46 1.0
536048.05 6582231.33 52.6 0.0
536043.31 6582235.57 52.4 1.0
536046.95 6582230.61 52.52 0.0
536043.17 6582236.92 52.33 1.0
536044.58 6582234.39 52.48 1.0
536045.51 6582228.44 52.29 0.0
536045.75 6582236.04 52.36 1.0
536045.81 6582232.59 52.6 1.0
536048.42 6582233.4 52.47 1.0
536044.32 6582235.37 52.43 1.0
536046.11 6582235.51 52.36 1.0
536044.46 6582229.55 52.35 0.0
536046.34 6582236.19 52.32 1.0
536046.62 6582230.5 52.49 0.0
536042.99 6582237.19 52.3 1.0
536048.71 6582235.69 52.33 1.0
536047.56 6582230.88 52.55 0.0
536047.86 6582234.06 52.46 1.0
536044.32 6582235.37 52.43 1.0
536048.09 6582234.69 52.4 1.0
536046.49 6582231.1 52.55 0.0
536044.46 6582235.96 52.38 1.0
536047.33 6582233.19 52.53 1.0
536046.82 6582227.84 52.12 0.0
536044.84 6582229.56 52.38 0.0
536044.22 6582234.64 52.47 1.0
536047.11 6582234.23 52.44 1.0
536047.11 6582234.23 52.44 1.0
536046.93 6582234.92 52.39 1.0
536043.41 6582233.07 52.63 1.0
536042.44 6582233.85 52.58 1.0
536046.14 6582233.77 52.5 1.0
536042.88 6582229.35 52.34 0.0
536047.1 6582231.63 52.6 0.0
536047.86 6582234.06 52.46 1.0
536043.39 6582235.27 52.43 1.0
536046.79 6582231.23 52.57 0.0
536047.41 6582228.76 52.34 0.0
536044.14 6582234.93 52.47 1.0
536043.36 6582236.33 52.36 1.0
536047.18 6582235.88 52.33 1.0
536047.74 6582231.73 52.62 0.0
536042.91 6582236.87 52.27 1.0
536043.44 6582236.66 52.31 1.0
536047.03 6582235.24 52.38 1.0
536046.93 6582232.28 52.59 1.0
536047.11 6582235.56 52.36 1.0
536047.41 6582228.76 52.34 0.0
536045.91 6582236.69 52.32 1.0
536042.29 6582234.29 52.56 1.0
536045.04 6582230.3 52.46 0.0
536045.53 6582230.63 52.49 0.0
536046.95 6582233.0 52.53 1.0
536043.08 6582229.02 52.22 0.0
536046.83 6582236.5 52.3 1.0
536045.67 6582231.55 52.57 0.0
536046.11 6582235.51 52.36 1.0
536046.12 6582229.54 52.38 0.0
536045.67 6582233.9 52.5 1.0
536043.85 6582230.83 52.45 0.0
536047.18 6582233.95 52.48 1.0
536045.66 6582234.29 52.45 1.0
536045.44 6582232.46 52.6 0.0
536046.49 6582231.1 52.55 0.0
536046.61 6582227.86 52.12 0.0
536046.64 6582233.6 52.52 1.0
536043.99 6582231.39 52.52 0.0
536047.27 6582229.68 52.46 0.0
536043.89 6582237.18 52.32 1.0
536046.82 6582227.84 52.12 0.0
536045.59 6582233.58 52.51 1.0
536046.54 6582228.14 52.31 0.0
536042.81 6582230.59 52.61 0.0
536047.33 6582233.19 52.53 1.0
536044.49 6582234.48 52.47 1.0
536045.18 6582236.16 52.33 1.0
536048.52 6582233.99 52.44 1.0
536046.23 6582229.39 52.39 0.0
536042.85 6582234.73 52.5 1.0
536043.79 6582230.98 52.42 0.0
536043.51 6582236.33 52.36 1.0
536045.37 6582234.47 52.48 1.0
536043.59 6582237.27 52.29 1.0
536044.68 6582237.03 52.3 1.0
536043.83 6582237.3 52.29 1.0
536045.22 6582233.85 52.51 1.0
536045.48 6582236.35 52.32 1.0
536046.61 6582236.18 52.33 1.0
536043.59 6582232.96 52.6 1.0
536044.84 6582236.39 52.35 1.0
536043.37 6582229.82 52.34 0.0
536046.3 6582229.08 52.37 0.0
536045.38 6582231.23 52.53 0.0
536045.36 6582232.77 52.64 1.0
536044.14 6582228.52 52.18 0.0
536046.54 6582228.53 52.33 0.0
536044.13 6582230.8 52.49 0.0
536046.75 6582228.86 52.37 0.0
536043.08 6582229.02 52.22 0.0
536046.46 6582228.43 52.33 0.0
536042.78 6582230.19 52.65 0.0
536044.57 6582234.79 52.44 1.0
536044.13 6582230.8 52.49 0.0
536046.87 6582232.67 52.57 1.0
536044.35 6582231.71 52.56 0.0
536047.84 6582235.66 52.32 1.0
536048.71 6582234.31 52.39 1.0
536046.98 6582228.47 52.34 0.0
536044.74 6582233.75 52.54 1.0
536045.07 6582235.91 52.36 1.0
536042.79 6582236.12 52.36 1.0
536044.26 6582233.51 52.58 1.0
536046.54 6582232.2 52.61 0.0
536047.78 6582231.81 52.63 0.0
536045.37 6582232.65 52.6 1.0
536047.71 6582230.77 52.53 0.0
536044.17 6582236.27 52.36 1.0
536046.05 6582231.62 52.63 0.0
536042.79 6582236.12 52.36 1.0
536048.59 6582236.22 52.24 1.0
536045.3 6582236.87 52.29 1.0
536048.71 6582235.69 52.33 1.0
536042.52 6582235.26 52.46 1.0
536043.74 6582235.39 52.43 1.0
536044.02 6582235.63 52.39 1.0
536044.67 6582230.22 52.44 0.0
536045.73 6582229.83 52.43 0.0
536045.65 6582231.21 52.55 0.0
536047.59 6582232.33 52.58 1.0
536042.87 6582235.81 52.38 1.0
536045.1 6582236.49 52.33 1.0
536046.12 6582229.54 52.38 0.0
536044.53 6582236.24 52.36 1.0
536046.27 6582233.75 52.5 1.0
536046.05 6582231.62 52.63 0.0
536046.22 6582236.16 52.32 1.0
536046.26 6582236.49 52.32 1.0
536047.9 6582230.72 52.55 0.0
536046.38 6582232.83 52.58 1.0
536047.59 6582232.33 52.58 1.0
536048.46 6582235.3 52.35 1.0
536046.67 6582229.18 52.4 0.0
536043.74 6582236.55 52.32 1.0
536044.17 6582229.48 52.37 0.0
536043.47 6582234.95 52.43 1.0
536045.3 6582231.53 52.62 0.0
536048.09 6582234.69 52.4 1.0
536045.01 6582235.74 52.38 1.0
536048.12 6582235.1 52.35 1.0
536045.07 6582231.4 52.55 0.0
536045.02 6582236.82 52.3 1.0
536047.1 6582228.64 52.36 0.0
536047.24 6582232.62 52.57 1.0
536047.25 6582234.27 52.44 1.0
536045.22 6582233.85 52.51 1.0
536044.28 6582229.07 52.43 0.0
536045.22 6582232.03 52.6 0.0
536043.73 6582236.56 52.38 1.0
536047.39 6582234.3 52.44 1.0
536044.96 6582234.24 52.5 1.0
536046.86 6582230.92 52.55 0.0
536043.18 6582230.61 52.46 0.0
536048.05 6582234.78 52.4 1.0
536045.74 6582233.97 52.47 1.0
536047.11 6582235.56 52.36 1.0
536043.44 6582230.11 52.39 0.0
536044.19 6582233.22 52.58 1.0
536044.53 6582236.24 52.36 1.0
536048.08 6582233.06 52.55 1.0
536045.95 6582230.76 52.51 0.0
536044.82 6582233.65 52.54 1.0
536044.06 6582228.81 52.29 0.0
536046.23 6582232.02 52.62 0.0
536044.08 6582236.32 52.35 1.0
536043.69 6582232.73 52.6 0.0
536044.25 6582233.42 52.57 1.0
536045.79 6582233.22 52.54 1.0
536048.21 6582235.25 52.33 1.0
536045.68 6582230.04 52.42 0.0
536045.73 6582232.91 52.56 1.0
536046.82 6582227.84 52.12 0.0
536046.88 6582231.28 52.57 0.0
536046.98 6582228.47 52.34 0.0
536045.12 6582234.92 52.44 1.0
536044.92 6582235.29 52.38 1.0
536045.59 6582233.58 52.51 1.0
536044.36 6582231.45 52.52 0.0
536042.64 6582236.7 52.64 1.0
536047.64 6582234.45 52.43 1.0
536045.99 6582230.31 52.56 0.0
536046.8 6582230.97 52.56 0.0
536046.8 6582230.97 52.56 0.0
536045.04 6582236.75 52.3 1.0
536044.87 6582234.7 52.45 1.0
536047.22 6582231.35 52.58 0.0
536048.35 6582232.6 52.55 1.0
536046.23 6582232.02 52.62 0.0
536047.52 6582232.58 52.56 1.0
536042.35 6582234.19 52.55 1.0
536045.75 6582236.04 52.36 1.0
536045.0 6582231.12 52.51 0.0
536046.8 6582235.98 52.35 1.0
536046.99 6582233.6 52.49 1.0
536046.56 6582233.28 52.54 1.0
536044.05 6582230.48 52.49 0.0
536045.56 6582232.26 52.62 0.0
536047.34 6582229.97 52.47 0.0
536046.58 6582235.22 52.41 1.0
536044.99 6582235.58 52.42 1.0
536044.84 6582234.95 52.5 1.0
536046.95 6582234.91 52.42 1.0
536045.49 6582231.98 52.61 0.0
536044.99 6582232.88 52.59 1.0
536047.42 6582232.98 52.56 1.0
536044.67 6582230.22 52.44 0.0
536047.56 6582231.37 52.6 0.0
536047.71 6582233.05 52.52 1.0
536042.6 6582233.21 52.58 1.0
536043.48 6582233.39 52.62 1.0
536044.29 6582231.73 52.55 0.0
536045.1 6582236.49 52.33 1.0
536044.06 6582235.26 52.4 1.0
536047.64 6582234.45 52.43 1.0
536046.18 6582231.72 52.6 0.0
536044.16 6582233.74 52.54 1.0
536047.33 6582234.59 52.4 1.0
536047.29 6582231.63 52.63 0.0
536043.94 6582236.38 52.36 1.0
536046.37 6582230.38 52.49 0.0
536044.46 6582235.96 52.38 1.0
536045.89 6582234.74 52.42 1.0
536043.4 6582231.52 52.55 0.0
536042.29 6582234.29 52.56 1.0
536044.09 6582237.02 52.32 1.0
536048.45 6582234.31 52.41 1.0
536046.22 6582236.16 52.32 1.0
536045.07 6582235.91 52.36 1.0
536045.82 6582234.52 52.43 1.0
536047.55 6582233.68 52.47 1.0
536048.34 6582233.71 52.47 1.0
536044.74 6582233.75 52.54 1.0
536043.85 6582230.83 52.45 0.0
536043.69 6582230.21 52.41 0.0
536045.59 6582233.58 52.51 1.0
536045.79 6582236.78 52.3 1.0
536046.52 6582229.77 52.43 0.0
536047.59 6582232.89 52.53 1.0
536046.29 6582230.71 52.51 0.0
536046.34 6582235.48 52.39 1.0
536047.49 6582230.6 52.53 0.0
536043.36 6582236.33 52.36 1.0
536044.49 6582234.48 52.47 1.0
536045.73 6582229.83 52.43 0.0
536045.15 6582236.25 52.33 1.0
536045.48 6582233.86 52.51 1.0
536042.93 6582230.59 52.46 0.0
536046.31 6582231.72 52.58 0.0
536047.18 6582235.88 52.33 1.0
536042.5 6582229.31 52.62 0.0
536045.29 6582232.3 52.66 0.0
536042.35 6582234.19 52.55 1.0
536048.11 6582233.09 52.54 1.0
536043.8 6582233.66 52.53 1.0
536043.99 6582231.39 52.52 0.0
536046.34 6582230.46 52.5 0.0
536043.4 6582231.52 52.55 0.0
536047.92 6582235.35 52.37 1.0
536045.89 6582234.74 52.42 1.0
536047.38 6582235.96 52.31 1.0
536045.84 6582229.42 52.39 0.0
536047.26 6582229.38 52.42 0.0
536044.32 6582235.37 52.43 1.0
536047.49 6582235.25 52.36 1.0
536043.63 6582234.02 52.53 1.0
536045.72 6582235.41 52.39 1.0
536047.53 6582229.21 52.42 0.0
536043.61 6582232.41 52.58 0.0
536046.75 6582228.86 52.37 0.0
536044.28 6582231.42 52.53 0.0
536045.91 6582236.69 52.32 1.0
536042.5 6582229.31 52.62 0.0
536042.29 6582234.29 52.56 1.0
536047.39 6582228.6 52.35 0.0
536044.14 6582232.07 52.6 0.0
536044.31 6582230.14 52.46 0.0
536045.04 6582236.75 52.3 1.0
536044.7 6582231.66 52.55 0.0
536044.14 6582228.52 52.18 0.0
536043.74 6582235.39 52.43 1.0
536047.68 6582236.31 52.26 1.0
536046.05 6582235.48 52.37 1.0
536046.03 6582232.78 52.57 1.0
536046.38 6582228.76 52.36 0.0
536047.97 6582230.83 52.48 0.0
536047.22 6582231.35 52.58 0.0
536043.36 6582236.33 52.36 1.0
536043.24 6582237.22 52.29 1.0
536048.2 6582231.97 52.63 1.0
536044.26 6582236.61 52.33 1.0
536048.71 6582234.31 52.39 1.0
536045.83 6582236.37 52.32 1.0
536044.73 6582235.45 52.4 1.0
536047.31 6582236.26 52.32 1.0
536042.52 6582233.54 52.6 1.0
536044.68 6582237.03 52.3 1.0
536047.26 6582229.38 52.42 0.0
536044.49 6582234.71 52.47 1.0
536047.66 6582232.05 52.51 1.0
536045.81 6582228.29 52.26 0.0
536045.87 6582233.54 52.52 1.0
536046.73 6582230.65 52.52 0.0
536045.52 6582235.1 52.42 1.0
536045.3 6582236.87 52.29 1.0
536045.15 6582236.25 52.33 1.0
536043.73 6582236.56 52.38 1.0
536045.35 6582235.88 52.37 1.0
536047.01 6582231.95 52.62 0.0
536045.84 6582229.42 52.39 0.0
536045.99 6582228.79 52.34 0.0
536043.25 6582230.9 52.48 0.0
536046.79 6582229.86 52.44 0.0
536048.01 6582235.02 52.4 1.0
536044.89 6582230.9 52.51 0.0
536044.82 6582233.43 52.56 1.0
536044.64 6582231.85 52.59 0.0
536048.32 6582234.02 52.49 1.0
536048.4 6582234.38 52.44 1.0
536048.11 6582233.09 52.54 1.0
536047.76 6582230.12 52.5 0.0
536043.54 6582229.59 52.33 0.0
536047.18 6582233.95 52.48 1.0
536043.41 6582234.17 52.53 1.0
536044.17 6582236.27 52.36 1.0
536045.04 6582234.06 52.48 1.0
536044.96 6582236.43 52.34 1.0
536044.53 6582236.24 52.36 1.0
536047.19 6582229.38 52.42 0.0
536043.25 6582232.44 52.78 0.0
536044.97 6582230.58 52.47 0.0
536044.79 6582235.02 52.43 1.0
536044.1 6582235.95 52.4 1.0
536046.52 6582233.89 52.48 1.0
536045.04 6582230.3 52.46 0.0
536045.57 6582229.29 52.4 0.0
536044.9 6582233.11 52.57 1.0
536047.18 6582229.67 52.44 0.0
536044.6 6582233.98 52.52 1.0
536047.17 6582231.33 52.59 0.0
536045.28 6582235.56 52.37 1.0
536045.95 6582230.76 52.51 0.0
536044.9 6582233.11 52.57 1.0
536045.57 6582229.29 52.4 0.0
536047.48 6582230.1 52.56 0.0
536046.99 6582233.6 52.49 1.0
536046.99 6582235.86 52.32 1.0
536045.52 6582232.16 52.63 0.0
536048.04 6582235.9 52.31 1.0
536043.59 6582230.7 52.44 0.0
536045.04 6582234.6 52.48 1.0
536044.41 6582232.79 52.62 0.0
536046.34 6582236.19 52.32 1.0
536043.7 6582234.31 52.55 1.0
536046.45 6582230.08 52.47 0.0
536047.19 6582229.38 52.42 0.0
536042.85 6582234.73 52.5 1.0
536047.71 6582230.77 52.53 0.0
536045.04 6582234.06 52.48 1.0
536045.48 6582233.86 52.51 1.0
536047.02 6582234.57 52.43 1.0
536045.8 6582231.81 52.65 0.0
536046.77 6582232.91 52.53 1.0
536045.92 6582229.1 52.35 0.0
536046.34 6582230.46 52.5 0.0
536046.54 6582232.2 52.61 0.0
536047.03 6582231.92 52.64 0.0
536048.27 6582232.27 52.59 1.0
536046.71 6582232.01 52.64 0.0
536047.78 6582231.81 52.63 0.0
536046.67 6582234.87 52.44 1.0
536044.49 6582234.48 52.47 1.0
536043.22 6582229.19 52.34 0.0
536047.07 6582233.28 52.52 1.0
536045.72 6582232.92 52.56 1.0
536046.37 6582230.38 52.49 0.0
536044.7 6582231.66 52.55 0.0
536045.5 6582229.6 52.4 0.0
536045.89 6582228.08 52.17 0.0
536043.54 6582232.1 52.56 0.0
536044.96 6582236.43 52.34 1.0
536046.34 6582234.05 52.5 1.0
536043.67 6582235.69 52.37 1.0
536046.3 6582229.08 52.37 0.0
536047.1 6582232.21 52.61 1.0
536046.9 6582228.13 52.31 0.0
536043.54 6582229.59 52.33 0.0
536046.64 6582233.6 52.52 1.0
536047.29 6582231.63 52.63 0.0
536044.33 6582236.93 52.32 1.0
536043.44 6582230.11 52.39 0.0
536045.06 6582232.47 52.62 0.0
536042.14 6582233.64 52.58 1.0
536047.03 6582231.92 52.64 0.0
536045.3 6582231.53 52.62 0.0
536047.11 6582229.04 52.38 0.0
536044.55 6582233.34 52.56 1.0
536045.73 6582229.83 52.43 0.0
536044.12 6582232.39 52.59 0.0
536045.22 6582233.85 52.51 1.0
536043.44 6582236.66 52.31 1.0
536044.95 6582231.76 52.59 0.0
536048.01 6582232.77 52.55 1.0
536046.65 6582235.33 52.38 1.0
536048.35 6582232.6 52.55 1.0
536045.98 6582234.42 52.48 1.0
536045.52 6582233.26 52.55 1.0
536043.44 6582236.66 52.31 1.0
536043.37 6582229.82 52.34 0.0
536044.05 6582232.68 52.63 0.0
536048.2 6582231.97 52.63 1.0
536046.56 6582233.28 52.54 1.0
536045.52 6582233.26 52.55 1.0
536043.34 6582232.79 52.72 0.0
536043.59 6582232.96 52.6 1.0
536046.75 6582228.86 52.37 0.0
536044.06 6582235.26 52.4 1.0
536043.58 6582235.91 52.36 1.0
536043.92 6582233.7 52.54 1.0
536044.49 6582232.48 52.65 0.0
536043.16 6582231.01 52.5 0.0
536043.67 6582235.69 52.37 1.0
536044.49 6582234.71 52.47 1.0
536043.43 6582233.59 52.58 1.0
536047.18 6582229.67 52.44 0.0
536044.2 6582232.07 52.59 0.0
536044.65 6582232.97 52.56 1.0
536045.67 6582233.9 52.5 1.0
536046.86 6582230.92 52.55 0.0
536046.61 6582227.86 52.12 0.0
536043.91 6582229.44 52.33 0.0
536047.84 6582235.66 52.32 1.0
536044.84 6582234.95 52.5 1.0
536044.76 6582229.89 52.41 0.0
536043.1 6582230.27 52.4 0.0
536046.12 6582229.54 52.38 0.0
536047.64 6582234.45 52.43 1.0
536043.51 6582236.33 52.36 1.0
536045.83 6582230.95 52.52 0.0
536045.91 6582230.63 52.49 0.0
536046.92 6582233.9 52.48 1.0
536045.45 6582228.66 52.21 0.0
536045.18 6582236.16 52.33 1.0
536047.87 6582232.39 52.59 1.0
536046.22 6582236.16 52.32 1.0
536045.1 6582236.49 52.33 1.0
536047.96 6582236.22 52.28 1.0
536047.71 6582231.52 52.63 0.0
536042.06 6582233.32 52.62 1.0
536047.18 6582229.67 52.44 0.0
536047.71 6582231.52 52.63 0.0
536044.88 6582233.94 52.51 1.0
536048.48 6582234.7 52.41 1.0
536043.63 6582234.02 52.53 1.0
536044.56 6582232.18 52.62 0.0
536047.24 6582228.0 52.31 0.0
536044.62 6582228.93 52.35 0.0
536045.45 6582232.97 52.56 1.0
536044.2 6582229.4 52.4 0.0
536046.54 6582228.53 52.33 0.0
536045.04 6582230.3 52.46 0.0
536046.49 6582232.97 52.55 1.0
536046.3 6582229.08 52.37 0.0
536047.63 6582231.08 52.57 0.0
536044.63 6582235.65 52.4 1.0
536044.71 6582232.7 52.61 0.0
536043.99 6582233.98 52.59 1.0
536045.77 6582229.72 52.43 0.0
536043.81 6582236.86 52.29 1.0
536044.97 6582230.58 52.47 0.0
536048.12 6582235.1 52.35 1.0
536047.69 6582229.84 52.47 0.0
536046.26 6582236.49 52.32 1.0
536043.66 6582236.23 52.36 1.0
536043.61 6582232.41 52.58 0.0
536045.58 6582230.88 52.51 0.0
536046.2 6582229.87 52.43 0.0
536044.87 6582234.7 52.45 1.0
536046.71 6582231.54 52.59 0.0
536044.69 6582236.89 52.32 1.0
536047.26 6582232.87 52.55 1.0
536045.57 6582229.29 52.4 0.0
536046.26 6582235.16 52.41 1.0
536044.4 6582228.62 52.23 0.0
536047.04 6582228.74 52.37 0.0
536045.89 6582228.08 52.17 0.0
536043.75 6582232.33 52.61 0.0
536043.44 6582231.26 52.5 0.0
536043.44 6582230.11 52.39 0.0
536046.75 6582234.55 52.44 1.0
536045.75 6582234.23 52.47 1.0
536044.44 6582233.32 52.57 1.0
536044.32 6582235.37 52.43 1.0
536047.33 6582234.59 52.4 1.0
536045.02 6582231.46 52.53 0.0
536047.9 6582230.72 52.55 0.0
536043.63 6582234.02 52.53 1.0
536043.74 6582235.39 52.43 1.0
536043.8 6582231.62 52.5 0.0
536046.34 6582230.46 52.5 0.0
536043.69 6582230.21 52.41 0.0
536046.71 6582233.91 52.5 1.0
536044.91 6582232.56 52.61 0.0
536043.47 6582229.28 52.38 0.0
536046.79 6582234.25 52.46 1.0
536047.72 6582234.79 52.41 1.0
536045.8 6582231.81 52.65 0.0
536043.41 6582232.51 52.59 0.0
536043.67 6582232.65 52.62 0.0
536047.24 6582232.62 52.57 1.0
536042.7 6582236.45 52.37 1.0
536048.1 6582231.5 52.27 0.0
536048.63 6582234.64 52.38 1.0
536044.49 6582232.48 52.65 0.0
536044.33 6582236.93 52.32 1.0
536044.63 6582235.65 52.4 1.0
536045.22 6582236.56 52.32 1.0
536042.78 6582230.19 52.65 0.0
536044.87 6582232.05 52.58 0.0
536047.47 6582233.99 52.46 1.0
536047.18 6582233.95 52.48 1.0
536048.11 6582235.6 52.3 1.0
536046.05 6582235.48 52.37 1.0
536048.71 6582234.31 52.39 1.0
536047.03 6582233.32 52.51 1.0
536047.78 6582231.81 52.63 0.0
536045.87 6582232.11 52.63 0.0
536043.32 6582231.19 52.51 0.0
536044.73 6582235.45 52.4 1.0
536043.18 6582230.61 52.46 0.0
536048.59 6582236.22 52.24 1.0
536044.73 6582235.45 52.4 1.0
536047.33 6582233.19 52.53 1.0
536044.17 6582229.48 52.37 0.0
536047.32 6582228.29 52.32 0.0
536046.49 6582232.97 52.55 1.0
536046.3 6582229.08 52.37 0.0
536046.67 6582234.87 52.44 1.0
536044.07 6582231.76 52.57 0.0
536046.79 6582231.23 52.57 0.0
536042.42 6582228.98 52.56 0.0
536047.53 6582229.21 52.42 0.0
536043.97 6582235.6 52.4 1.0
536046.92 6582233.9 52.48 1.0
536046.11 6582231.41 52.56 0.0
536044.7 6582231.66 52.55 0.0
536045.77 6582229.72 52.43 0.0
536047.26 6582229.38 52.42 0.0
536045.35 6582231.36 52.55 0.0
536045.79 6582233.22 52.54 1.0
536047.56 6582229.78 52.43 0.0
536044.54 6582229.25 52.39 0.0
536043.18 6582230.61 52.46 0.0
536047.95 6582233.74 52.48 1.0
536044.23 6582230.44 52.52 0.0
536042.57 6582236.99 52.76 1.0
536048.63 6582235.34 52.31 1.0
536043.54 6582229.59 52.33 0.0
536048.78 6582235.97 52.3 1.0
536046.96 6582231.6 52.6 0.0
536048.2 6582231.97 52.63 1.0
536048.01 6582235.02 52.4 1.0
536044.0 6582234.39 52.49 1.0
536046.22 6582236.16 52.32 1.0
536048.48 6582234.7 52.41 1.0
536044.17 6582229.48 52.37 0.0
536043.25 6582233.12 52.59 1.0
536047.82 6582233.83 52.47 1.0
536042.43 6582229.2 52.65 0.0
536045.49 6582231.98 52.61 0.0
536048.71 6582235.69 52.33 1.0
536046.63 6582231.87 52.62 0.0
536044.89 6582230.9 52.51 0.0
536047.4 6582231.99 52.63 0.0
536042.64 6582234.4 52.52 1.0
536047.25 6582236.17 52.33 1.0
536045.37 6582234.47 52.48 1.0
536047.59 6582232.89 52.53 1.0
536044.76 6582229.89 52.41 0.0
536046.45 6582230.08 52.47 0.0
536045.66 6582234.29 52.45 1.0
536046.25 6582232.0 52.62 0.0
536048.17 6582233.42 52.49 1.0
536044.99 6582232.77 52.59 1.0
536045.67 6582231.55 52.57 0.0
536043.67 6582232.65 52.62 0.0
536047.85 6582232.12 52.6 1.0
536045.37 6582234.47 52.48 1.0
536045.28 6582233.11 52.56 1.0
536043.55 6582234.61 52.48 1.0
536042.29 6582234.29 52.56 1.0
536046.56 6582236.43 52.32 1.0
536047.17 6582231.33 52.59 0.0
536044.05 6582230.48 52.49 0.0
536047.74 6582231.73 52.62 0.0
536046.34 6582235.48 52.39 1.0
536045.5 6582229.6 52.4 0.0
536045.22 6582232.03 52.6 0.0
536044.3 6582234.31 52.48 1.0
536044.29 6582232.7 52.64 0.0
536043.0 6582230.31 52.38 0.0
536044.61 6582231.32 52.53 0.0
536043.75 6582230.05 52.42 0.0
536043.49 6582232.19 52.58 0.0
536046.54 6582230.81 52.52 0.0
536044.23 6582230.44 52.52 0.0
536044.01 6582228.82 52.31 0.0
536045.95 6582233.86 52.5 1.0
536044.52 6582230.83 52.49 0.0
536046.37 6582230.38 52.49 0.0
536045.99 6582233.0 52.55 1.0
536045.64 6582232.57 52.61 1.0
536046.75 6582228.86 52.37 0.0
536044.71 6582235.34 52.4 1.0
536043.8 6582233.66 52.53 1.0
536043.48 6582233.39 52.62 1.0
536047.87 6582232.39 52.59 1.0
536043.92 6582236.96 52.32 1.0
536047.56 6582230.88 52.55 0.0
536046.62 6582230.5 52.49 0.0
536046.49 6582231.1 52.55 0.0
536044.32 6582235.37 52.43 1.0
536047.64 6582229.5 52.37 0.0
536042.14 6582233.64 52.58 1.0
536042.43 6582229.2 52.65 0.0
536046.99 6582227.91 52.25 0.0
536044.6 6582233.98 52.52 1.0
536044.29 6582231.73 52.55 0.0
536044.33 6582236.93 52.32 1.0
536044.95 6582234.39 52.46 1.0
536044.82 6582233.65 52.54 1.0
536047.24 6582228.0 52.31 0.0
536047.7 6582234.69 52.42 1.0
536047.36 6582231.93 52.62 0.0
536047.41 6582233.5 52.5 1.0
536043.18 6582230.61 52.46 0.0
536047.52 6582232.58 52.56 1.0
536046.42 6582232.68 52.59 1.0
536046.71 6582231.54 52.59 0.0
536043.8 6582231.62 52.5 0.0
536044.2 6582232.07 52.59 0.0
536047.63 6582233.35 52.49 1.0
536043.03 6582229.98 52.42 0.0
536048.59 6582236.22 52.24 1.0
536043.43 6582233.59 52.58 1.0
536044.74 6582233.75 52.54 1.0
536045.11 6582231.11 52.52 0.0
536046.4 6582227.93 52.13 0.0
536047.89 6582234.13 52.44 1.0
536044.16 6582236.02 52.36 1.0
536043.44 6582230.11 52.39 0.0
536044.46 6582235.96 52.38 1.0
536046.58 6582235.22 52.41 1.0
536045.15 6582236.25 52.33 1.0
536045.2 6582229.66 52.37 0.0
536048.17 6582233.42 52.49 1.0
536043.66 6582236.23 52.36 1.0
536048.09 6582234.69 52.4 1.0
536046.83 6582236.5 52.3 1.0
536046.79 6582231.23 52.57 0.0
536042.88 6582229.35 52.34 0.0
536044.06 6582235.26 52.4 1.0
536046.64 6582233.6 52.52 1.0
536046.86 6582230.92 52.55 0.0
536043.44 6582236.66 52.31 1.0
536045.64 6582232.57 52.61 1.0
536046.62 6582230.5 52.49 0.0
536046.99 6582227.91 52.25 0.0
536047.84 6582235.66 52.32 1.0
536042.6 6582233.21 52.58 1.0
536046.53 6582236.5 52.3 1.0
536048.01 6582235.02 52.4 1.0
536042.84 6582237.44 52.46 1.0
536047.25 6582236.17 52.33 1.0
536045.73 6582231.52 52.57 0.0
536045.91 6582236.69 52.32 1.0
536045.3 6582234.15 52.49 1.0
536043.91 6582229.44 52.33 0.0
536045.14 6582229.05 52.39 0.0
536046.71 6582232.01 52.64 0.0
536046.83 6582234.23 52.47 1.0
536045.67 6582231.55 52.57 0.0
536046.83 6582234.23 52.47 1.0
536046.06 6582230.03 52.44 0.0
536043.56 6582231.9 52.56 0.0
536045.99 6582228.79 52.34 0.0
536048.09 6582234.69 52.4 1.0
536047.32 6582232.31 52.6 1.0
536047.25 6582231.02 52.55 0.0
536046.42 6582232.68 52.59 1.0
536042.7 6582236.45 52.37 1.0
536046.85 6582232.58 52.55 1.0
536046.49 6582231.1 52.55 0.0
536046.5 6582234.7 52.43 1.0
536043.1 6582230.27 52.4 0.0
536043.52 6582236.97 52.33 1.0
536047.1 6582231.63 52.6 0.0
536046.71 6582232.01 52.64 0.0
536044.95 6582231.76 52.59 0.0
536043.37 6582229.82 52.34 0.0
536045.86 6582236.47 52.31 1.0
536045.06 6582232.47 52.62 0.0
536044.76 6582229.89 52.41 0.0
536045.81 6582232.59 52.6 1.0
536046.79 6582234.25 52.46 1.0
536045.22 6582231.85 52.58 0.0
536044.99 6582232.77 52.59 1.0
536047.39 6582234.3 52.44 1.0
536044.17 6582236.27 52.36 1.0
536047.02 6582230.31 52.51 0.0
536043.83 6582233.33 52.61 1.0
536044.17 6582236.27 52.36 1.0
536042.87 6582235.81 52.38 1.0
536046.69 6582229.14 52.39 0.0
536045.38 6582231.23 52.53 0.0
536046.53 6582236.5 52.3 1.0
536046.13 6582235.82 52.35 1.0
536043.18 6582230.61 52.46 0.0
536043.36 6582231.57 52.53 0.0
536044.46 6582235.96 52.38 1.0
536046.71 6582232.01 52.64 0.0
536045.49 6582234.95 52.42 1.0
536046.77 6582232.91 52.53 1.0
536044.71 6582232.7 52.61 0.0
536044.07 6582231.08 52.5 0.0
536044.84 6582232.24 52.6 0.0
536042.14 6582233.64 52.58 1.0
536045.83 6582230.95 52.52 0.0
536045.2 6582233.42 52.52 1.0
536046.92 6582228.21 52.31 0.0
536045.61 6582230.33 52.46 0.0
536046.8 6582230.97 52.56 0.0
536042.43 6582229.2 52.65 0.0
536046.73 6582230.65 52.52 0.0
536045.11 6582231.11 52.52 0.0
536046.26 6582236.49 52.32 1.0
536045.07 6582228.78 52.3 0.0
536046.5 6582235.55 52.36 1.0
536046.64 6582230.32 52.49 0.0
536044.63 6582233.01 52.59 1.0
536047.36 6582231.93 52.62 0.0
536043.51 6582236.33 52.36 1.0
536044.12 6582232.39 52.59 0.0
536043.07 6582236.53 52.36 1.0
536047.78 6582234.4 52.44 1.0
536044.06 6582235.26 52.4 1.0
536047.87 6582232.39 52.59 1.0
536044.88 6582236.11 52.36 1.0
536046.75 6582234.55 52.44 1.0
536047.48 6582231.69 52.56 0.0
536047.5 6582232.67 52.56 1.0
536047.53 6582235.36 52.33 1.0
536045.59 6582228.15 52.16 0.0
536043.23 6582235.88 52.37 1.0
536047.46 6582235.65 52.35 1.0
536044.54 6582229.25 52.39 0.0
536045.81 6582228.29 52.26 0.0
536043.83 6582237.3 52.29 1.0
536043.41 6582233.07 52.63 1.0
536042.81 6582229.05 52.3 0.0
536047.1 6582231.63 52.6 0.0
536047.42 6582232.98 52.56 1.0
536045.19 6582235.21 52.42 1.0
536045.33 6582234.47 52.46 1.0
536046.5 6582235.55 52.36 1.0
536044.12 6582232.39 52.59 0.0
536043.69 6582232.73 52.6 0.0
536044.44 6582233.32 52.57 1.0
536044.56 6582232.18 52.62 0.0
536047.33 6582234.59 52.4 1.0
536045.28 6582235.56 52.37 1.0
536045.48 6582233.86 52.51 1.0
536047.74 6582231.73 52.62 0.0
536043.99 6582229.12 52.37 0.0
536045.33 6582235.56 52.36 1.0
536046.8 6582235.98 52.35 1.0
536047.11 6582235.56 52.36 1.0
536048.42 6582233.4 52.47 1.0
536042.81 6582230.59 52.61 0.0
536042.5 6582229.31 52.62 0.0
536046.62 6582230.5 52.49 0.0
536043.24 6582230.69 52.45 0.0
536042.88 6582229.35 52.34 0.0
536047.32 6582232.31 52.6 1.0
536044.63 6582235.65 52.4 1.0
536043.92 6582233.7 52.54 1.0
536046.75 6582228.86 52.37 0.0
536045.3 6582231.53 52.62 0.0
536045.38 6582231.23 52.53 0.0
536044.77 6582231.95 52.59 0.0
536044.76 6582236.71 52.31 1.0
536046.85 6582232.58 52.55 1.0
536044.96 6582236.43 52.34 1.0
536045.64 6582233.24 52.55 1.0
536043.83 6582232.03 52.58 0.0
536047.63 6582233.35 52.49 1.0
536046.64 6582233.6 52.52 1.0
536043.37 6582229.82 52.34 0.0
536046.58 6582235.22 52.41 1.0
536043.54 6582229.59 52.33 0.0
536042.96 6582229.69 52.39 0.0
536047.79 6582230.47 52.5 0.0
536045.96 6582232.45 52.61 1.0
536046.56 6582231.38 52.57 0.0
536048.63 6582234.64 52.38 1.0
536048.17 6582234.37 52.42 1.0
536047.41 6582234.92 52.41 1.0
536042.68 6582229.63 52.37 0.0
536042.73 6582234.06 52.56 1.0
536044.63 6582233.01 52.59 1.0
536048.63 6582235.34 52.31 1.0
536044.89 6582230.9 52.51 0.0
536047.31 6582236.26 52.32 1.0
536045.5 6582229.6 52.4 0.0
536047.14 6582231.0 52.55 0.0
536044.76 6582229.89 52.41 0.0
536043.64 6582236.89 52.31 1.0
536043.89 6582237.18 52.32 1.0
536048.4 6582234.38 52.44 1.0
536047.18 6582232.53 52.58 1.0
536048.63 6582235.34 52.31 1.0
536048.35 6582232.6 52.55 1.0
536047.29 6582231.63 52.63 0.0
536048.4 6582234.38 52.44 1.0
536044.82 6582233.65 52.54 1.0
536042.87 6582235.81 52.38 1.0
536043.89 6582237.18 52.32 1.0
536044.95 6582231.76 52.59 0.0
536044.58 6582232.65 52.63 0.0
536042.97 6582233.13 52.6 1.0
536044.28 6582231.42 52.53 0.0
536046.8 6582235.98 52.35 1.0
536044.69 6582236.89 52.32 1.0
536044.46 6582229.55 52.35 0.0
536046.95 6582230.61 52.52 0.0
536044.54 6582230.99 52.5 0.0
536046.8 6582235.98 52.35 1.0
536042.96 6582229.69 52.39 0.0
536045.5 6582236.5 52.34 1.0
536047.47 6582228.92 52.41 0.0
536046.56 6582236.43 52.32 1.0
536042.69 6582237.08 52.57 1.0
536043.7 6582234.31 52.55 1.0
536047.86 6582234.06 52.46 1.0
536043.91 6582231.71 52.55 0.0
536043.83 6582235.04 52.46 1.0
536044.52 6582233.62 52.56 1.0
536047.56 6582229.78 52.43 0.0
536045.49 6582231.98 52.61 0.0
536047.18 6582232.53 52.58 1.0
536046.88 6582231.28 52.57 0.0
536043.41 6582233.07 52.63 1.0
536047.71 6582233.05 52.52 1.0
536045.65 6582235.71 52.38 1.0
536045.65 6582235.71 52.38 1.0
536046.14 6582233.77 52.5 1.0
536047.23 6582234.92 52.37 1.0
536044.63 6582235.65 52.4 1.0
536048.11 6582233.09 52.54 1.0
536045.95 6582236.12 52.33 1.0
536044.23 6582230.44 52.52 0.0
536046.5 6582234.7 52.43 1.0
536044.49 6582232.48 52.65 0.0
536045.11 6582231.11 52.52 0.0
536046.86 6582229.56 52.42 0.0
536045.89 6582232.26 52.62 0.0
536047.18 6582233.96 52.47 1.0
536047.98 6582231.04 52.56 0.0
536043.31 6582235.57 52.4 1.0
536043.51 6582233.29 52.59 1.0
536047.82 6582231.43 52.6 0.0
536044.22 6582234.64 52.47 1.0
536045.06 6582232.47 52.62 0.0
536046.41 6582235.87 52.35 1.0
536046.52 6582229.77 52.43 0.0
536045.75 6582236.04 52.36 1.0
536046.61 6582236.18 52.33 1.0
536046.26 6582236.49 52.32 1.0
536045.49 6582231.98 52.61 0.0
536044.38 6582235.62 52.42 1.0
536045.65 6582235.71 52.38 1.0
536047.82 6582231.43 52.6 0.0
536046.84 6582228.53 52.34 0.0
536046.56 6582236.43 52.32 1.0
536047.76 6582230.12 52.5 0.0
536044.33 6582236.93 52.32 1.0
536044.84 6582234.95 52.5 1.0
536046.12 6582229.54 52.38 0.0
536047.01 6582231.95 52.62 0.0
536045.15 6582236.25 52.33 1.0
536045.22 6582231.85 52.58 0.0
536045.99 6582230.31 52.56 0.0
536046.47 6582228.22 52.33 0.0
536044.28 6582229.07 52.43 0.0
536043.62 6582229.92 52.41 0.0
536045.89 6582232.26 52.62 0.0
536044.91 6582232.56 52.61 0.0
536046.62 6582230.5 52.49 0.0
536044.78 6582230.19 52.37 0.0
536047.23 6582234.92 52.37 1.0
536044.3 6582234.31 52.48 1.0
536044.54 6582229.25 52.39 0.0
536048.08 6582233.06 52.55 1.0
536047.18 6582233.96 52.47 1.0
536046.92 6582230.1 52.46 0.0
536048.35 6582236.07 52.3 1.0
536046.88 6582234.6 52.44 1.0
536045.35 6582235.88 52.37 1.0
536043.4 6582231.52 52.55 0.0
536046.18 6582231.72 52.6 0.0
536042.64 6582234.4 52.52 1.0
536047.11 6582229.04 52.38 0.0
536047.53 6582235.36 52.33 1.0
536043.91 6582229.44 52.33 0.0
536042.88 6582229.35 52.34 0.0
536046.93 6582234.92 52.39 1.0
536047.93 6582232.44 52.6 1.0
536046.47 6582228.22 52.33 0.0
536046.73 6582230.65 52.52 0.0
536043.74 6582231.32 52.5 0.0
536043.52 6582230.96 52.43 0.0
536044.37 6582233.02 52.59 1.0
536043.59 6582232.96 52.6 1.0
536045.53 6582230.63 52.49 0.0
536047.41 6582228.76 52.34 0.0
536047.03 6582233.32 52.51 1.0
536043.55 6582234.61 52.48 1.0
536045.89 6582234.74 52.42 1.0
536045.64 6582232.57 52.61 1.0
536045.99 6582228.79 52.34 0.0
536045.45 6582232.97 52.56 1.0
536047.44 6582232.26 52.6 1.0
536048.09 6582234.69 52.4 1.0
536044.12 6582232.39 52.59 0.0
536044.77 6582231.95 52.59 0.0
536043.16 6582229.67 52.35 0.0
536043.18 6582230.61 52.46 0.0
536046.61 6582236.18 52.33 1.0
536042.91 6582237.14 52.3 1.0
536045.64 6582233.24 52.55 1.0
536043.64 6582236.89 52.31 1.0
536046.03 6582232.78 52.57 1.0
536045.07 6582231.4 52.55 0.0
536043.8 6582234.69 52.46 1.0
536044.4 6582228.62 52.23 0.0
536043.94 6582236.38 52.36 1.0
536045.65 6582231.21 52.55 0.0
536043.83 6582233.33 52.61 1.0
536046.86 6582229.56 52.42 0.0
536044.14 6582228.52 52.18 0.0
536048.35 6582236.07 52.3 1.0
536047.42 6582230.31 52.51 0.0
536042.78 6582230.19 52.65 0.0
536046.52 6582233.89 52.48 1.0
536043.8 6582234.69 52.46 1.0
536043.72 6582231.27 52.47 0.0
536048.43 6582232.95 52.54 1.0
536042.79 6582236.12 52.36 1.0
536048.55 6582235.0 52.38 1.0
536048.04 6582231.75 52.57 0.0
536045.88 6582230.47 52.49 0.0
536046.73 6582235.68 52.38 1.0
536044.49 6582234.48 52.47 1.0
536042.38 6582236.56 52.8 1.0
536047.31 6582236.26 52.32 1.0
536045.99 6582233.0 52.55 1.0
536045.52 6582235.1 52.42 1.0
536046.64 6582233.6 52.52 1.0
536043.99 6582229.12 52.37 0.0
536046.8 6582230.97 52.56 0.0
536046.34 6582235.48 52.39 1.0
536045.61 6582230.33 52.46 0.0
536044.33 6582236.93 52.32 1.0
536044.76 6582234.62 52.45 1.0
536043.26 6582237.28 52.32 1.0
536044.49 6582232.48 52.65 0.0
536045.45 6582228.66 52.21 0.0
536047.33 6582230.69 52.53 0.0
536048.4 6582234.38 52.44 1.0
536044.83 6582229.2 52.37 0.0
536044.54 6582229.25 52.39 0.0
536045.15 6582231.73 52.56 0.0
536045.9 6582234.87 52.41 1.0
536046.92 6582230.1 52.46 0.0
536045.28 6582233.11 52.56 1.0
536043.35 6582236.96 52.32 1.0
536046.92 6582233.9 52.48 1.0
536048.04 6582231.75 52.57 0.0
536044.02 6582235.63 52.39 1.0
536043.92 6582233.7 52.54 1.0
536042.93 6582230.59 52.46 0.0
536046.64 6582231.7 52.6 0.0
536047.84 6582235.66 52.32 1.0
536044.62 6582228.93 52.35 0.0
536045.51 6582228.44 52.29 0.0
536043.85 6582230.83 52.45 0.0
536044.49 6582234.71 52.47 1.0
536044.06 6582228.81 52.29 0.0
536046.38 6582228.76 52.36 0.0
536044.38 6582236.65 52.31 1.0
536048.24 6582233.72 52.49 1.0
536047.35 6582233.29 52.52 1.0
536044.14 6582232.07 52.6 0.0
536043.63 6582234.02 52.53 1.0
536043.97 6582235.6 52.4 1.0
536044.92 6582235.29 52.38 1.0
536045.11 6582231.11 52.52 0.0
536045.9 6582233.32 52.53 1.0
536043.74 6582235.39 52.43 1.0
536047.24 6582228.0 52.31 0.0
536045.07 6582235.91 52.36 1.0
536043.29 6582229.48 52.35 0.0
536044.44 6582231.15 52.52 0.0
536047.22 6582231.35 52.58 0.0
536048.27 6582232.48 52.49 1.0
536046.65 6582235.33 52.38 1.0
536046.86 6582235.21 52.37 1.0
536046.51 6582229.75 52.44 0.0
536046.53 6582236.5 52.3 1.0
536047.31 6582234.6 52.43 1.0
536045.73 6582232.91 52.56 1.0
536044.05 6582232.68 52.63 0.0
536045.68 6582235.75 52.37 1.0
536045.49 6582231.98 52.61 0.0
536043.58 6582235.91 52.36 1.0
536042.91 6582236.87 52.27 1.0
536046.99 6582235.86 52.32 1.0
536042.96 6582229.69 52.39 0.0
536046.16 6582228.17 52.26 0.0
536045.44 6582232.46 52.6 0.0
536043.47 6582234.95 52.43 1.0
536042.35 6582234.19 52.55 1.0
536043.52 6582230.96 52.43 0.0
536044.84 6582234.95 52.5 1.0
536045.49 6582234.95 52.42 1.0
536047.02 6582234.57 52.43 1.0
536044.9 6582233.11 52.57 1.0
536045.15 6582233.53 52.55 1.0
536045.15 6582232.15 52.61 0.0
536044.22 6582232.38 52.59 0.0
536047.26 6582232.87 52.55 1.0
536048.1 6582231.5 52.27 0.0
536045.67 6582231.55 52.57 0.0
536047.24 6582232.62 52.57 1.0
536043.07 6582236.53 52.36 1.0
536045.48 6582233.86 52.51 1.0
536044.49 6582232.48 52.65 0.0
536047.27 6582229.68 52.46 0.0
536044.66 6582234.06 52.51 1.0
536043.92 6582234.71 52.47 1.0
536047.63 6582233.35 52.49 1.0
536045.75 6582234.23 52.47 1.0
536043.41 6582234.17 52.53 1.0
536047.72 6582236.2 52.32 1.0
536044.28 6582229.07 52.43 0.0
536045.07 6582231.4 52.55 0.0
536044.83 6582229.2 52.37 0.0
536043.08 6582231.34 52.5 0.0
536046.2 6582235.16 52.39 1.0
536048.55 6582235.0 52.38 1.0
536046.67 6582234.87 52.44 1.0
536045.73 6582229.83 52.43 0.0
536043.24 6582237.22 52.29 1.0
536042.73 6582234.06 52.56 1.0
536045.82 6582234.52 52.43 1.0
536043.47 6582229.28 52.38 0.0
536044.7 6582228.61 52.29 0.0
536045.61 6582230.33 52.46 0.0
536046.54 6582228.53 52.33 0.0
536046.42 6582232.68 52.59 1.0
536043.52 6582230.96 52.43 0.0
536046.79 6582232.33 52.6 1.0
536047.71 6582233.05 52.52 1.0
536046.71 6582232.01 52.64 0.0
536045.07 6582231.4 52.55 0.0
536043.15 6582228.73 52.26 0.0
536046.93 6582234.92 52.39 1.0
536044.39 6582230.37 52.43 0.0
536043.74 6582236.55 52.32 1.0
536046.3 6582229.08 52.37 0.0
536048.63 6582234.64 52.38 1.0
536044.9 6582233.11 52.57 1.0
536043.61 6582232.41 52.58 0.0
536045.42 6582236.16 52.33 1.0
536047.41 6582228.76 52.34 0.0
536044.28 6582231.42 52.53 0.0
536048.04 6582231.75 52.57 0.0
536045.04 6582230.3 52.46 0.0
536043.22 6582229.19 52.34 0.0
536047.48 6582231.69 52.56 0.0
536046.79 6582234.25 52.46 1.0
536045.57 6582229.29 52.4 0.0
536046.03 6582234.19 52.49 1.0
536043.17 6582233.44 52.58 1.0
536043.22 6582229.19 52.34 0.0
536046.23 6582233.44 52.54 1.0
536046.27 6582233.75 52.5 1.0
536043.59 6582230.7 52.44 0.0
536044.24 6582235.71 52.39 1.0
536042.42 6582228.98 52.56 0.0
536048.42 6582233.4 52.47 1.0
536044.92 6582235.29 52.38 1.0
536046.13 6582231.32 52.55 0.0
536044.99 6582235.58 52.42 1.0
536044.68 6582237.03 52.3 1.0
536044.87 6582232.05 52.58 0.0
536042.91 6582236.87 52.27 1.0
536047.68 6582236.31 52.26 1.0
536047.46 6582235.65 52.35 1.0
536043.36 6582236.33 52.36 1.0
536044.14 6582234.93 52.47 1.0
536046.84 6582228.53 52.34 0.0
536042.57 6582236.99 52.76 1.0
536043.91 6582229.44 52.33 0.0
536044.07 6582231.76 52.57 0.0
536045.33 6582234.47 52.46 1.0
536044.96 6582234.24 52.5 1.0
536048.71 6582235.69 52.33 1.0
536043.75 6582230.05 52.42 0.0
536048.36 6582234.62 52.42 1.0
536048.11 6582235.6 52.3 1.0
536045.19 6582235.21 52.42 1.0
536043.61 6582232.41 52.58 0.0
536045.36 6582232.77 52.64 1.0
536048.05 6582234.78 52.4 1.0
536047.18 6582235.88 52.33 1.0
536042.81 6582229.05 52.3 0.0
536048.05 6582234.78 52.4 1.0
536046.42 6582232.68 52.59 1.0
536045.16 6582235.13 52.4 1.0
536045.08 6582235.43 52.4 1.0
536042.5 6582229.31 52.62 0.0
536042.99 6582236.82 52.31 1.0
536044.88 6582233.94 52.51 1.0
536046.5 6582234.7 52.43 1.0
536045.22 6582231.85 52.58 0.0
536043.56 6582229.47 52.45 0.0
536044.38 6582235.62 52.42 1.0
536047.1 6582228.64 52.36 0.0
536044.01 6582228.82 52.31 0.0
536047.96 6582236.22 52.28 1.0
536045.95 6582233.86 52.5 1.0
536044.76 6582229.89 52.41 0.0
536044.46 6582235.96 52.38 1.0
536044.61 6582231.32 52.53 0.0
536045.79 6582233.22 52.54 1.0
536046.3 6582229.08 52.37 0.0
536042.85 6582234.73 52.5 1.0
536045.72 6582235.41 52.39 1.0
536044.95 6582234.39 52.46 1.0
536045.04 6582234.06 52.48 1.0
536043.0 6582230.31 52.38 0.0
536046.77 6582229.47 52.43 0.0
536046.07 6582228.49 52.25 0.0
536046.79 6582234.25 52.46 1.0
536047.57 6582234.14 52.45 1.0
536044.14 6582228.52 52.18 0.0
536046.42 6582234.39 52.46 1.0
536043.75 6582232.33 52.61 0.0
536048.17 6582234.37 52.42 1.0
536046.99 6582230.41 52.51 0.0
536044.58 6582232.65 52.63 0.0
536044.77 6582231.95 52.59 0.0
536045.22 6582231.85 52.58 0.0
536046.92 6582228.21 52.31 0.0
536047.22 6582231.35 52.58 0.0
536045.89 6582232.26 52.62 0.0
536043.97 6582235.6 52.4 1.0
536044.25 6582233.42 52.57 1.0
536045.37 6582228.35 52.26 0.0
536043.92 6582233.7 52.54 1.0
536046.82 6582227.84 52.12 0.0
536047.1 6582231.63 52.6 0.0
536048.78 6582235.97 52.3 1.0
536043.64 6582236.89 52.31 1.0
536045.97 6582228.92 52.33 0.0
536044.6 6582230.52 52.44 0.0
536046.79 6582231.23 52.57 0.0
536046.78 6582235.52 52.36 1.0
536043.32 6582231.19 52.51 0.0
536045.04 6582230.3 52.46 0.0
536042.7 6582236.45 52.37 1.0
536044.84 6582232.24 52.6 0.0
536044.1 6582235.95 52.4 1.0
536042.6 6582233.21 52.58 1.0
536046.75 6582234.55 52.44 1.0
536047.74 6582233.53 52.51 1.0
536045.95 6582230.76 52.51 0.0
536046.14 6582229.7 52.43 0.0
536045.59 6582228.15 52.16 0.0
536042.52 6582233.54 52.6 1.0
536044.95 6582231.76 52.59 0.0
536042.7 6582236.45 52.37 1.0
536047.9 6582231.1 52.56 0.0
536043.58 6582235.91 52.36 1.0
536048.46 6582235.3 52.35 1.0
536046.05 6582235.48 52.37 1.0
536046.88 6582231.28 52.57 0.0
536044.6 6582230.52 52.44 0.0
536044.23 6582230.44 52.52 0.0
536044.06 6582235.26 52.4 1.0
536047.72 6582236.2 52.32 1.0
536044.38 6582236.65 52.31 1.0
536046.18 6582231.72 52.6 0.0
536044.8 6582235.76 52.38 1.0
536047.41 6582230.41 52.5 0.0
536048.01 6582235.02 52.4 1.0
536046.26 6582235.16 52.41 1.0
536042.45 6582234.96 52.43 1.0
536045.08 6582235.43 52.4 1.0
536046.4 6582227.93 52.13 0.0
536044.73 6582235.45 52.4 1.0
536043.34 6582232.79 52.72 0.0
536043.34 6582232.79 52.72 0.0
536045.52 6582232.16 52.63 0.0
536043.75 6582229.23 52.3 0.0
536045.45 6582230.93 52.51 0.0
536047.18 6582235.88 52.33 1.0
536044.88 6582233.94 52.51 1.0
536043.74 6582236.55 52.32 1.0
536047.78 6582234.4 52.44 1.0
536044.22 6582234.64 52.47 1.0
536043.8 6582234.69 52.46 1.0
536042.91 6582236.87 52.27 1.0
536048.01 6582235.02 52.4 1.0
536045.12 6582233.73 52.51 1.0
536045.08 6582235.43 52.4 1.0
536047.87 6582232.39 52.59 1.0
536045.4 6582234.17 52.47 1.0
536044.49 6582234.48 52.47 1.0
536046.64 6582231.7 52.6 0.0
536044.29 6582236.97 52.29 1.0
536045.3 6582234.15 52.49 1.0
536046.71 6582233.91 52.5 1.0
536044.05 6582232.68 52.63 0.0
536048.52 6582233.99 52.44 1.0
536045.15 6582236.25 52.33 1.0
536043.01 6582234.06 52.55 1.0
536045.83 6582230.95 52.52 0.0
536047.5 6582232.67 52.56 1.0
536044.46 6582235.96 52.38 1.0
536048.59 6582236.22 52.24 1.0
536043.24 6582230.69 52.45 0.0
536043.81 6582236.86 52.29 1.0
536042.64 6582236.7 52.64 1.0
536045.95 6582230.76 52.51 0.0
536047.1 6582232.21 52.61 1.0
536045.98 6582235.18 52.37 1.0
536044.56 6582232.18 52.62 0.0
536045.8 6582231.81 52.65 0.0
536045.48 6582236.35 52.32 1.0
536043.08 6582231.34 52.5 0.0
536045.34 6582230.2 52.45 0.0
536042.99 6582236.82 52.31 1.0
536044.49 6582232.48 52.65 0.0
536045.3 6582231.53 52.62 0.0
536044.52 6582230.83 52.49 0.0
536044.3 6582235.28 52.44 1.0
536043.51 6582230.4 52.46 0.0
536045.52 6582233.26 52.55 1.0
536045.22 6582232.03 52.6 0.0
536042.99 6582236.82 52.31 1.0
536042.44 6582233.85 52.58 1.0
536044.29 6582232.7 52.64 0.0
536047.64 6582234.45 52.43 1.0
536044.55 6582235.99 52.36 1.0
536045.49 6582234.95 52.42 1.0
536045.86 6582236.47 52.31 1.0
536043.66 6582231.01 52.48 0.0
536045.52 6582233.26 52.55 1.0
536043.01 6582234.06 52.55 1.0
536044.17 6582236.27 52.36 1.0
536045.08 6582235.43 52.4 1.0
536046.06 6582230.03 52.44 0.0
536047.18 6582233.96 52.47 1.0
536047.48 6582231.69 52.56 0.0
536046.56 6582231.38 52.57 0.0
536047.02 6582228.92 52.37 0.0
536045.12 6582233.73 52.51 1.0
536046.96 6582231.6 52.6 0.0
536044.3 6582235.28 52.44 1.0
536045.49 6582231.98 52.61 0.0
536046.61 6582236.18 52.33 1.0
536045.15 6582233.53 52.55 1.0
536048.35 6582236.07 52.3 1.0
536045.14 6582229.05 52.39 0.0
536045.9 6582233.32 52.53 1.0
536046.35 6582234.55 52.44 1.0
536043.56 6582229.47 52.45 0.0
536045.02 6582231.46 52.53 0.0
536047.67 6582233.2 52.53 1.0
536043.36 6582236.33 52.36 1.0
536047.56 6582230.88 52.55 0.0
536043.75 6582229.23 52.3 0.0
536045.83 6582230.95 52.52 0.0
536043.62 6582229.92 52.41 0.0
536047.35 6582233.29 52.52 1.0
536048.71 6582235.69 52.33 1.0
536044.44 6582231.15 52.52 0.0
536047.02 6582230.31 52.51 0.0
536045.02 6582236.82 52.3 1.0
536045.87 6582232.11 52.63 0.0
536047.94 6582235.71 52.34 1.0
536043.29 6582231.86 52.56 0.0
536046.13 6582231.32 52.55 0.0
536043.42 6582236.65 52.34 1.0
536046.26 6582235.16 52.41 1.0
536046.16 6582228.17 52.26 0.0
536046.64 6582231.7 52.6 0.0
536045.42 6582236.16 52.33 1.0
536044.01 6582236.68 52.33 1.0
536045.67 6582233.9 52.5 1.0
536043.66 6582236.23 52.36 1.0
536044.74 6582233.75 52.54 1.0
536044.19 6582233.22 52.58 1.0
536046.05 6582231.62 52.63 0.0
536043.48 6582229.77 52.41 0.0
536046.33 6582232.35 52.61 1.0
536048.25 6582234.06 52.46 1.0
536043.63 6582234.02 52.53 1.0
536044.38 6582229.85 52.39 0.0
536046.84 6582229.78 52.45 0.0
536045.91 6582236.69 52.32 1.0
536046.5 6582235.55 52.36 1.0
536045.67 6582231.55 52.57 0.0
536045.5 6582229.6 52.4 0.0
536048.4 6582234.38 52.44 1.0
536045.14 6582229.05 52.39 0.0
536045.08 6582235.43 52.4 1.0
536045.65 6582231.21 52.55 0.0
536047.97 6582234.48 52.45 1.0
536045.12 6582233.73 52.51 1.0
536043.67 6582232.65 52.62 0.0
536046.06 6582234.11 52.49 1.0
536047.17 6582231.33 52.59 0.0
536046.79 6582232.33 52.6 1.0
536045.91 6582236.69 52.32 1.0
536047.87 6582232.39 52.59 1.0
536043.51 6582233.29 52.59 1.0
536043.15 6582228.73 52.26 0.0
536048.35 6582236.07 52.3 1.0
536046.05 6582231.62 52.63 0.0
536047.71 6582233.05 52.52 1.0
536044.95 6582231.76 52.59 0.0
536046.54 6582228.14 52.31 0.0
536046.41 6582235.87 52.35 1.0
536042.81 6582230.59 52.61 0.0
536047.49 6582230.6 52.53 0.0
536046.83 6582236.5 52.3 1.0
536048.28 6582234.94 52.36 1.0
536044.05 6582232.68 52.63 0.0
536047.97 6582230.83 52.48 0.0
536047.29 6582231.63 52.63 0.0
536044.95 6582234.39 52.46 1.0
536047.53 6582235.36 52.33 1.0
536043.86 6582236.06 52.4 1.0
536048.46 6582235.3 52.35 1.0
536048.02 6582236.04 52.29 1.0
536044.06 6582228.81 52.29 0.0
536044.84 6582229.56 52.38 0.0
536043.36 6582236.33 52.36 1.0
536046.29 6582230.71 52.51 0.0
536047.25 6582236.17 52.33 1.0
536045.04 6582234.6 52.48 1.0
536043.25 6582233.12 52.59 1.0
536045.65 6582231.21 52.55 0.0
536044.08 6582234.08 52.53 1.0
536044.01 6582228.82 52.31 0.0
536046.92 6582230.1 52.46 0.0
536047.31 6582236.26 52.32 1.0
536047.87 6582232.39 52.59 1.0
536044.01 6582236.63 52.33 1.0
536043.36 6582231.57 52.53 0.0
536045.83 6582230.95 52.52 0.0
536046.43 6582234.24 52.45 1.0
536044.99 6582232.88 52.59 1.0
536046.92 6582233.9 52.48 1.0
536047.25 6582234.27 52.44 1.0
536042.68 6582229.63 52.37 0.0
536046.99 6582227.91 52.25 0.0
536045.48 6582236.35 52.32 1.0
536048.46 6582235.3 52.35 1.0
536044.33 6582236.93 52.32 1.0
536042.7 6582236.45 52.37 1.0
536045.15 6582231.73 52.56 0.0
536042.45 6582234.96 52.43 1.0
536045.25 6582234.79 52.44 1.0
536044.65 6582232.97 52.56 1.0
536045.82 6582234.52 52.43 1.0
536044.62 6582228.93 52.35 0.0
536042.57 6582236.99 52.76 1.0
536043.99 6582229.12 52.37 0.0
536046.95 6582234.91 52.42 1.0
536042.85 6582234.73 52.5 1.0
536044.99 6582232.77 52.59 1.0
536044.73 6582233.31 52.52 1.0
536047.24 6582232.62 52.57 1.0
536047.03 6582235.24 52.38 1.0
536046.45 6582230.08 52.47 0.0
536046.51 6582229.75 52.44 0.0
536045.56 6582233.54 52.5 1.0
536045.81 6582232.59 52.6 1.0
536043.08 6582229.02 52.22 0.0
536043.61 6582232.41 52.58 0.0
536047.1 6582233.64 52.48 1.0
536047.56 6582235.54 52.37 1.0
536047.1 6582233.64 52.48 1.0
536043.24 6582237.22 52.29 1.0
536047.02 6582234.57 52.43 1.0
536044.28 6582231.42 52.53 0.0
536045.38 6582231.23 52.53 0.0
536044.76 6582229.89 52.41 0.0
536044.46 6582236.33 52.35 1.0
536042.52 6582235.26 52.46 1.0
536047.33 6582233.19 52.53 1.0
536043.37 6582229.82 52.34 0.0
536043.61 6582232.41 52.58 0.0
536043.49 6582232.19 52.58 0.0
536042.38 6582236.56 52.8 1.0
536048.01 6582232.77 52.55 1.0
536047.56 6582235.54 52.37 1.0
536044.17 6582229.48 52.37 0.0
536048.08 6582233.06 52.55 1.0
536047.1 6582233.64 52.48 1.0
536042.91 6582236.87 52.27 1.0
536045.83 6582230.95 52.52 0.0
536047.38 6582235.96 52.31 1.0
536044.19 6582233.22 52.58 1.0
536046.54 6582232.2 52.61 0.0
536043.82 6582236.22 52.36 1.0
536044.87 6582232.05 52.58 0.0
536043.07 6582236.53 52.36 1.0
536047.14 6582231.0 52.55 0.0
536042.79 6582236.12 52.36 1.0
536046.63 6582231.87 52.62 0.0
536045.14 6582229.05 52.39 0.0
536045.57 6582229.29 52.4 0.0
536043.83 6582232.03 52.58 0.0
536044.41 6582232.79 52.62 0.0
536048.05 6582234.78 52.4 1.0
536044.49 6582232.32 52.62 0.0
536045.2 6582229.66 52.37 0.0
536044.69 6582236.89 52.32 1.0
536046.95 6582229.22 52.39 0.0
536045.73 6582232.91 52.56 1.0
536044.38 6582235.62 52.42 1.0
536046.54 6582230.81 52.52 0.0
536044.96 6582236.43 52.34 1.0
536047.14 6582231.0 52.55 0.0
536047.93 6582232.44 52.6 1.0
536048.17 6582234.37 52.42 1.0
536046.79 6582234.25 52.46 1.0
536047.97 6582230.83 52.48 0.0
536044.28 6582231.42 52.53 0.0
536046.83 6582234.23 52.47 1.0
536043.41 6582232.51 52.59 0.0
536047.26 6582229.38 52.42 0.0
536046.3 6582233.14 52.55 1.0
536046.95 6582230.61 52.52 0.0
536042.52 6582233.54 52.6 1.0
536048.46 6582235.3 52.35 1.0
536044.81 6582231.22 52.52 0.0
536047.31 6582236.26 52.32 1.0
536046.99 6582230.41 52.51 0.0
536046.91 6582236.2 52.33 1.0
536043.31 6582235.57 52.4 1.0
536047.1 6582228.64 52.36 0.0
536046.22 6582236.16 52.32 1.0
536045.36 6582232.77 52.64 1.0
536044.16 6582236.02 52.36 1.0
536043.57 6582237.17 52.37 1.0
536043.83 6582233.33 52.61 1.0
536044.77 6582231.95 52.59 0.0
536046.03 6582232.78 52.57 1.0
536044.6 6582230.52 52.44 0.0
536048.21 6582235.25 52.33 1.0
536047.03 6582235.24 52.38 1.0
536046.82 6582227.84 52.12 0.0
536042.64 6582234.4 52.52 1.0
536045.66 6582234.29 52.45 1.0
536046.61 6582236.18 52.33 1.0
536042.38 6582236.56 52.8 1.0
536045.65 6582235.71 52.38 1.0
536044.46 6582233.69 52.54 1.0
536044.41 6582235.05 52.43 1.0
536047.25 6582231.02 52.55 0.0
536043.83 6582232.03 52.58 0.0
536048.25 6582234.06 52.46 1.0
536046.96 6582231.6 52.6 0.0
536043.35 6582236.96 52.32 1.0
536043.7 6582228.88 52.3 0.0
536045.49 6582231.98 52.61 0.0
536047.31 6582236.26 52.32 1.0
536047.18 6582233.96 52.47 1.0
536043.48 6582233.39 52.62 1.0
536046.86 6582229.56 52.42 0.0
536043.52 6582236.97 52.33 1.0
536047.03 6582233.32 52.51 1.0
536046.78 6582235.52 52.36 1.0
536045.12 6582233.73 52.51 1.0
536043.03 6582229.98 52.42 0.0
536047.02 6582230.31 52.51 0.0
536047.78 6582234.4 52.44 1.0
536043.63 6582234.32 52.51 1.0
536045.49 6582231.98 52.61 0.0
536046.88 6582234.6 52.44 1.0
536042.78 6582230.19 52.65 0.0
536047.69 6582229.84 52.47 0.0
536046.46 6582232.52 52.59 1.0
536044.29 6582231.73 52.55 0.0
536045.35 6582235.88 52.37 1.0
536044.35 6582228.79 52.32 0.0
536047.26 6582232.87 52.55 1.0
536043.83 6582237.3 52.29 1.0
536045.57 6582234.62 52.44 1.0
536043.8 6582231.62 52.5 0.0
536044.07 6582231.76 52.57 0.0
536048.21 6582235.25 52.33 1.0
536046.71 6582233.91 52.5 1.0
536048.25 6582234.06 52.46 1.0
536045.79 6582236.78 52.3 1.0
536044.01 6582236.68 52.33 1.0
536044.32 6582235.37 52.43 1.0
536045.57 6582236.04 52.35 1.0
536044.73 6582235.45 52.4 1.0
536046.06 6582232.69 52.57 1.0
536043.0 6582230.31 52.38 0.0
536046.86 6582235.21 52.37 1.0
536044.32 6582233.12 52.57 1.0
536047.56 6582231.37 52.6 0.0
536045.95 6582236.12 52.33 1.0
536048.55 6582235.0 52.38 1.0
536045.83 6582230.95 52.52 0.0
536047.02 6582234.57 52.43 1.0
536048.4 6582234.38 52.44 1.0
536047.02 6582234.57 52.43 1.0
536044.2 6582229.4 52.4 0.0
536044.01 6582236.68 52.33 1.0
536048.48 6582234.7 52.41 1.0
536042.52 6582233.54 52.6 1.0
536043.44 6582236.66 52.31 1.0
536045.97 6582231.96 52.61 0.0
536043.17 6582236.92 52.33 1.0
536044.38 6582229.85 52.39 0.0
536043.63 6582234.02 52.53 1.0
536043.59 6582230.7 52.44 0.0
536045.86 6582236.47 52.31 1.0
536045.37 6582234.47 52.48 1.0
536046.06 6582230.03 52.44 0.0
536043.25 6582230.9 52.48 0.0
536048.55 6582234.97 52.37 1.0
536044.14 6582232.07 52.6 0.0
536046.62 6582230.5 52.49 0.0
536044.82 6582233.65 52.54 1.0
536044.84 6582232.24 52.6 0.0
536047.41 6582230.41 52.5 0.0
536048.35 6582236.07 52.3 1.0
536046.98 6582228.47 52.34 0.0
536047.57 6582234.14 52.45 1.0
536044.96 6582236.43 52.34 1.0
536045.98 6582234.42 52.48 1.0
536048.36 6582234.62 52.42 1.0
536047.42 6582230.31 52.51 0.0
536045.51 6582228.44 52.29 0.0
536046.4 6582227.93 52.13 0.0
536042.91 6582236.87 52.27 1.0
536045.15 6582233.53 52.55 1.0
536043.26 6582237.28 52.32 1.0
536042.81 6582233.76 52.55 1.0
536043.91 6582231.71 52.55 0.0
536044.73 6582235.45 52.4 1.0
536045.79 6582233.22 52.54 1.0
536044.05 6582230.48 52.49 0.0
536048.71 6582235.69 52.33 1.0
536046.93 6582234.92 52.39 1.0
536043.97 6582235.6 52.4 1.0
536048.34 6582233.71 52.47 1.0
536046.3 6582229.08 52.37 0.0
536043.03 6582229.98 52.42 0.0
536045.87 6582233.54 52.52 1.0
536043.1 6582230.27 52.4 0.0
536045.45 6582230.93 52.51 0.0
536045.75 6582231.27 52.55 0.0
536047.95 6582233.74 52.48 1.0
536046.14 6582233.77 52.5 1.0
536045.08 6582235.43 52.4 1.0
536045.42 6582236.16 52.33 1.0
536046.03 6582234.19 52.49 1.0
536044.76 6582228.91 52.35 0.0
536046.88 6582231.28 52.57 0.0
536045.0 6582231.12 52.51 0.0
536043.07 6582236.53 52.36 1.0
536043.28 6582236.01 52.36 1.0
536047.41 6582234.92 52.41 1.0
536046.07 6582228.49 52.25 0.0
536046.91 6582236.2 52.33 1.0
536044.76 6582236.71 52.31 1.0
536044.95 6582231.76 52.59 0.0
536047.1 6582230.0 52.46 0.0
536046.99 6582230.41 52.51 0.0
536044.83 6582229.2 52.37 0.0
536043.44 6582230.11 52.39 0.0
536048.55 6582234.97 52.37 1.0
536043.0 6582230.31 52.38 0.0
536046.07 6582228.49 52.25 0.0
536044.23 6582230.44 52.52 0.0
536046.3 6582229.08 52.37 0.0
536045.07 6582231.4 52.55 0.0
536045.18 6582236.16 52.33 1.0
536044.84 6582229.56 52.38 0.0
536043.63 6582234.32 52.51 1.0
536046.34 6582230.46 52.5 0.0
536047.79 6582232.71 52.55 1.0
536047.97 6582230.83 52.48 0.0
536044.29 6582232.7 52.64 0.0
536043.69 6582230.21 52.41 0.0
536046.23 6582233.44 52.54 1.0
536047.02 6582234.57 52.43 1.0
536045.56 6582232.26 52.62 0.0
536046.63 6582231.87 52.62 0.0
536045.95 6582233.86 52.5 1.0
536046.19 6582233.43 52.53 1.0
536045.86 6582236.47 52.31 1.0
536044.6 6582233.98 52.52 1.0
536044.53 6582236.24 52.36 1.0
536045.49 6582231.98 52.61 0.0
536047.29 6582231.63 52.63 0.0
536045.83 6582236.37 52.32 1.0
536042.81 6582229.05 52.3 0.0
536047.64 6582234.45 52.43 1.0
536046.18 6582234.84 52.44 1.0
536043.44 6582236.66 52.31 1.0
536046.19 6582233.43 52.53 1.0
536044.32 6582235.37 52.43 1.0
536044.89 6582230.9 52.51 0.0
536045.75 6582231.27 52.55 0.0
536045.37 6582232.65 52.6 1.0
536042.87 6582235.81 52.38 1.0
536043.03 6582229.98 52.42 0.0
536044.52 6582233.62 52.56 1.0
536043.59 6582232.96 52.6 1.0
536048.32 6582234.02 52.49 1.0
536048.4 6582234.38 52.44 1.0
536046.11 6582233.1 52.55 1.0
536044.8 6582235.76 52.38 1.0
536045.37 6582228.35 52.26 0.0
536046.58 6582235.22 52.41 1.0
536044.88 6582236.11 52.36 1.0
536048.2 6582232.75 52.54 1.0
536044.62 6582228.93 52.35 0.0
536046.99 6582233.6 52.49 1.0
536042.81 6582229.05 52.3 0.0
536048.21 6582235.25 52.33 1.0
536046.34 6582234.05 52.5 1.0
536046.79 6582232.33 52.6 1.0
536045.37 6582228.35 52.26 0.0
536043.76 6582233.03 52.61 1.0
536044.77 6582231.95 52.59 0.0
536043.36 6582231.57 52.53 0.0
536043.25 6582230.9 52.48 0.0
536047.44 6582232.26 52.6 1.0
536047.84 6582235.66 52.32 1.0
536045.52 6582233.26 52.55 1.0
536045.15 6582236.25 52.33 1.0
536045.87 6582232.11 52.63 0.0
536044.56 6582232.18 52.62 0.0
536044.61 6582236.57 52.33 1.0
536045.75 6582234.23 52.47 1.0
536045.12 6582233.73 52.51 1.0
536046.7 6582230.18 52.46 0.0
536047.41 6582234.92 52.41 1.0
536045.79 6582233.22 52.54 1.0
536045.19 6582235.21 52.42 1.0
536046.58 6582235.22 52.41 1.0
536043.74 6582235.39 52.43 1.0
536043.24 6582230.69 52.45 0.0
536047.41 6582233.5 52.5 1.0
536042.83 6582229.01 52.32 0.0
536046.56 6582233.28 52.54 1.0
536045.5 6582236.5 52.34 1.0
536047.42 6582230.31 52.51 0.0
536046.63 6582231.87 52.62 0.0
536043.92 6582234.71 52.47 1.0
536044.22 6582232.38 52.59 0.0
536043.34 6582232.79 52.72 0.0
536043.75 6582230.05 52.42 0.0
536045.81 6582232.59 52.6 1.0
536044.71 6582232.7 52.61 0.0
536044.84 6582229.56 52.38 0.0
536043.08 6582229.02 52.22 0.0
536047.18 6582232.53 52.58 1.0
536043.8 6582234.69 52.46 1.0
536046.93 6582232.28 52.59 1.0
536043.89 6582237.18 52.32 1.0
536045.65 6582235.71 52.38 1.0
536043.86 6582236.06 52.4 1.0
536043.04 6582231.55 52.64 0.0
536042.6 6582236.71 52.69 1.0
536043.74 6582236.55 52.32 1.0
536047.76 6582236.0 52.28 1.0
536044.71 6582235.34 52.4 1.0
536047.03 6582235.24 52.38 1.0
536045.49 6582234.95 52.42 1.0
536046.88 6582234.6 52.44 1.0
536043.66 6582231.01 52.48 0.0
536046.42 6582230.81 52.52 0.0
536044.96 6582236.43 52.34 1.0
536046.42 6582232.68 52.59 1.0
536046.12 6582229.54 52.38 0.0
536043.75 6582229.23 52.3 0.0
536046.34 6582230.46 52.5 0.0
536043.08 6582231.34 52.5 0.0
536042.78 6582230.19 52.65 0.0
536043.54 6582232.1 52.56 0.0
536045.97 6582228.92 52.33 0.0
536043.73 6582236.56 52.38 1.0
536043.83 6582232.03 52.58 0.0
536047.39 6582234.3 52.44 1.0
536046.22 6582236.16 52.32 1.0
536047.94 6582235.71 52.34 1.0
536048.71 6582234.31 52.39 1.0
536043.16 6582229.67 52.35 0.0
536044.49 6582232.32 52.62 0.0
536045.56 6582233.54 52.5 1.0
536046.18 6582234.84 52.44 1.0
536043.73 6582236.56 52.38 1.0
536047.55 6582233.68 52.47 1.0
536043.51 6582236.33 52.36 1.0
536046.83 6582234.23 52.47 1.0
536043.83 6582235.04 52.46 1.0
536044.16 6582233.74 52.54 1.0
536042.7 6582236.45 52.37 1.0
536046.25 6582232.0 52.62 0.0
536047.56 6582230.88 52.55 0.0
536043.67 6582232.65 52.62 0.0
536047.56 6582235.54 52.37 1.0
536044.41 6582232.79 52.62 0.0
536044.81 6582231.22 52.52 0.0
536043.32 6582231.19 52.51 0.0
536045.68 6582230.04 52.42 0.0
536045.15 6582236.25 52.33 1.0
536045.33 6582235.56 52.36 1.0
536044.24 6582235.71 52.39 1.0
536046.77 6582232.91 52.53 1.0
536045.12 6582233.73 52.51 1.0
536046.21 6582231.02 52.53 0.0
536046.43 6582234.24 52.45 1.0
536043.99 6582233.98 52.59 1.0
536047.25 6582231.02 52.55 0.0
536046.95 6582229.22 52.39 0.0
536046.5 6582235.55 52.36 1.0
536044.44 6582233.32 52.57 1.0
536044.14 6582234.93 52.47 1.0
536047.31 6582236.26 52.32 1.0
536047.86 6582234.06 52.46 1.0
536044.16 6582236.02 52.36 1.0
536047.03 6582231.92 52.64 0.0
536044.61 6582231.32 52.53 0.0
536045.73 6582231.52 52.57 0.0
536045.04 6582230.3 52.46 0.0
536047.16 6582232.94 52.55 1.0
536043.15 6582236.19 52.36 1.0
536042.84 6582237.44 52.46 1.0
536048.55 6582234.97 52.37 1.0
536044.14 6582234.93 52.47 1.0
536045.89 6582232.26 52.62 0.0
536043.67 6582235.69 52.37 1.0
536044.28 6582229.07 52.43 0.0
536043.89 6582235.91 52.38 1.0
536043.59 6582237.27 52.29 1.0
536045.04 6582234.06 52.48 1.0
536044.01 6582228.82 52.31 0.0
536043.41 6582232.51 52.59 0.0
536045.97 6582231.96 52.61 0.0
536042.81 6582229.05 52.3 0.0
536044.0 6582234.39 52.49 1.0
536047.78 6582234.4 52.44 1.0
536045.77 6582229.72 52.43 0.0
536045.81 6582235.08 52.42 1.0
536046.88 6582234.6 52.44 1.0
536043.74 6582235.39 52.43 1.0
536046.05 6582231.62 52.63 0.0
536042.35 6582234.19 52.55 1.0
536047.41 6582233.5 52.5 1.0
536042.7 6582236.45 52.37 1.0
536046.04 6582235.81 52.35 1.0
536043.63 6582234.02 52.53 1.0
536047.18 6582232.53 52.58 1.0
536045.67 6582233.9 52.5 1.0
536046.51 6582229.75 52.44 0.0
536043.64 6582231.61 52.54 0.0
536044.17 6582236.27 52.36 1.0
536043.47 6582229.28 52.38 0.0
536043.59 6582237.27 52.29 1.0
536047.24 6582228.0 52.31 0.0
536044.83 6582229.2 52.37 0.0
536043.4 6582231.52 52.55 0.0
536042.78 6582230.19 52.65 0.0
536045.52 6582235.1 52.42 1.0
536044.54 6582229.25 52.39 0.0
536047.63 6582235.01 52.42 1.0
536046.49 6582236.13 52.34 1.0
536046.18 6582234.84 52.44 1.0
536047.18 6582232.53 52.58 1.0
536045.59 6582228.15 52.16 0.0
536044.95 6582234.39 52.46 1.0
536047.85 6582232.12 52.6 1.0
536046.45 6582230.08 52.47 0.0
536044.36 6582231.45 52.52 0.0
536046.05 6582231.62 52.63 0.0
536048.36 6582234.62 52.42 1.0
536043.16 6582231.01 52.5 0.0
536044.71 6582232.7 52.61 0.0
536044.35 6582228.79 52.32 0.0
536047.97 6582230.83 52.48 0.0
536044.01 6582228.82 52.31 0.0
536045.91 6582230.63 52.49 0.0
536043.48 6582229.77 52.41 0.0
536042.95 6582235.47 52.44 1.0
536046.56 6582234.98 52.41 1.0
536046.84 6582229.78 52.45 0.0
536047.41 6582228.76 52.34 0.0
536046.12 6582229.54 52.38 0.0
536044.16 6582233.74 52.54 1.0
536044.28 6582231.42 52.53 0.0
536048.6 6582233.69 52.43 1.0
536043.17 6582236.92 52.33 1.0
536043.75 6582232.33 52.61 0.0
536045.4 6582234.17 52.47 1.0
536045.99 6582233.0 52.55 1.0
536045.4 6582234.17 52.47 1.0
536047.44 6582232.26 52.6 1.0
536044.47 6582230.69 52.49 0.0
536044.26 6582236.61 52.33 1.0
536046.39 6582231.42 52.56 0.0
536047.23 6582234.92 52.37 1.0
536048.32 6582234.02 52.49 1.0
536044.23 6582230.44 52.52 0.0
536046.65 6582235.33 52.38 1.0
536047.78 6582231.81 52.63 0.0
536046.34 6582236.19 52.32 1.0
536044.87 6582232.05 52.58 0.0
536046.05 6582235.48 52.37 1.0
536044.43 6582228.49 52.22 0.0
536045.82 6582234.52 52.43 1.0
536043.4 6582231.52 52.55 0.0
536047.11 6582234.23 52.44 1.0
536045.73 6582229.83 52.43 0.0
536048.01 6582232.77 52.55 1.0
536047.71 6582233.05 52.52 1.0
536048.32 6582234.02 52.49 1.0
536046.7 6582230.18 52.46 0.0
536043.81 6582236.86 52.29 1.0
536044.73 6582233.31 52.52 1.0
536046.41 6582235.81 52.38 1.0
536043.08 6582231.34 52.5 0.0
536045.75 6582236.04 52.36 1.0
536045.59 6582233.58 52.51 1.0
536044.76 6582228.91 52.35 0.0
536043.39 6582235.27 52.43 1.0
536046.42 6582232.68 52.59 1.0
536045.59 6582233.58 52.51 1.0
536046.03 6582232.78 52.57 1.0
536045.52 6582233.26 52.55 1.0
536047.18 6582235.88 52.33 1.0
536048.12 6582231.64 52.62 0.0
536046.22 6582236.16 52.32 1.0
536045.57 6582236.04 52.35 1.0
536046.77 6582229.47 52.43 0.0
536047.41 6582228.76 52.34 0.0
536043.75 6582232.33 52.61 0.0
536044.43 6582228.49 52.22 0.0
536044.38 6582236.65 52.31 1.0
536044.1 6582235.95 52.4 1.0
536046.51 6582229.75 52.44 0.0
536046.95 6582230.61 52.52 0.0
536044.05 6582230.48 52.49 0.0
536045.88 6582230.47 52.49 0.0
536044.55 6582233.34 52.56 1.0
536046.95 6582234.91 52.42 1.0
536046.06 6582232.69 52.57 1.0
536045.35 6582231.36 52.55 0.0
536047.33 6582233.19 52.53 1.0
536043.7 6582228.88 52.3 0.0
536044.02 6582235.63 52.39 1.0
536044.7 6582231.66 52.55 0.0
536047.1 6582231.63 52.6 0.0
536047.15 6582235.24 52.4 1.0
536044.01 6582236.68 52.33 1.0
536045.65 6582235.71 52.38 1.0
536048.21 6582235.25 52.33 1.0
536046.54 6582232.2 52.61 0.0
536047.19 6582229.38 52.42 0.0
536044.49 6582232.48 52.65 0.0
536043.47 6582234.95 52.43 1.0
536046.34 6582234.05 52.5 1.0
536044.31 6582230.14 52.46 0.0
536045.44 6582232.46 52.6 0.0
536043.26 6582233.53 52.51 1.0
536044.23 6582230.44 52.52 0.0
536046.95 6582234.91 52.42 1.0
536046.25 6582232.0 52.62 0.0
536048.28 6582234.94 52.36 1.0
536046.37 6582230.38 52.49 0.0
536047.87 6582232.39 52.59 1.0
536047.56 6582231.37 52.6 0.0
536047.56 6582235.54 52.37 1.0
536046.14 6582229.7 52.43 0.0
536046.83 6582234.23 52.47 1.0
536043.51 6582236.33 52.36 1.0
536047.64 6582234.45 52.43 1.0
536046.37 6582230.38 52.49 0.0
536047.76 6582236.0 52.28 1.0
536047.63 6582235.01 52.42 1.0
536046.73 6582235.68 52.38 1.0
536047.63 6582231.08 52.57 0.0
536045.22 6582232.03 52.6 0.0
536045.95 6582233.86 52.5 1.0
536046.78 6582235.52 52.36 1.0
536045.97 6582231.96 52.61 0.0
536045.81 6582235.08 52.42 1.0
536042.88 6582229.35 52.34 0.0
536046.42 6582234.39 52.46 1.0
536046.43 6582234.24 52.45 1.0
536045.22 6582236.56 52.32 1.0
536044.44 6582231.15 52.52 0.0
536046.1 6582234.52 52.41 1.0
536044.78 6582230.19 52.37 0.0
536045.56 6582233.54 52.5 1.0
536046.8 6582235.98 52.35 1.0
536046.61 6582227.86 52.12 0.0
536044.41 6582232.0 52.59 0.0
536047.87 6582232.39 52.59 1.0
536043.15 6582236.19 52.36 1.0
536048.36 6582234.62 52.42 1.0
536045.19 6582235.21 52.42 1.0
536045.49 6582231.98 52.61 0.0
536044.32 6582235.37 52.43 1.0
536042.14 6582233.64 52.58 1.0
536046.14 6582233.77 52.5 1.0
536046.13 6582231.32 52.55 0.0
536046.12 6582229.54 52.38 0.0
536047.9 6582231.1 52.56 0.0
536044.17 6582229.48 52.37 0.0
536044.96 6582234.24 52.5 1.0
536042.81 6582233.76 52.55 1.0
536043.24 6582237.22 52.29 1.0
536043.79 6582230.98 52.42 0.0
536045.79 6582233.22 52.54 1.0
536046.79 6582231.23 52.57 0.0
536047.59 6582232.89 52.53 1.0
536044.53 6582236.24 52.36 1.0
536043.37 6582229.82 52.34 0.0
536045.57 6582229.29 52.4 0.0
536046.42 6582234.39 52.46 1.0
536046.03 6582232.78 52.57 1.0
536046.86 6582230.92 52.55 0.0
536044.8 6582235.76 52.38 1.0
536043.67 6582232.65 52.62 0.0
536042.81 6582230.59 52.61 0.0
536048.01 6582235.02 52.4 1.0
536048.35 6582236.07 52.3 1.0
536046.8 6582230.97 52.56 0.0
536043.48 6582229.77 52.41 0.0
536044.46 6582235.96 52.38 1.0
536046.92 6582233.9 52.48 1.0
536046.05 6582235.48 52.37 1.0
536045.22 6582232.03 52.6 0.0
536043.99 6582231.39 52.52 0.0
536043.74 6582235.39 52.43 1.0
536047.02 6582230.31 52.51 0.0
536043.92 6582233.7 52.54 1.0
536046.79 6582234.25 52.46 1.0
536045.46 6582234.81 52.44 1.0
536047.02 6582234.57 52.43 1.0
536045.91 6582230.63 52.49 0.0
536047.24 6582232.62 52.57 1.0
536044.64 6582231.85 52.59 0.0
536045.91 6582236.69 52.32 1.0
536046.38 6582228.76 52.36 0.0
536047.1 6582230.0 52.46 0.0
536047.1 6582232.21 52.61 1.0
536044.38 6582236.65 52.31 1.0
536046.03 6582232.78 52.57 1.0
536044.88 6582236.11 52.36 1.0
536045.79 6582236.78 52.3 1.0
536044.06 6582228.81 52.29 0.0
536047.18 6582233.95 52.48 1.0
536044.74 6582233.75 52.54 1.0
536045.16 6582235.13 52.4 1.0
536045.91 6582236.69 52.32 1.0
536044.46 6582233.69 52.54 1.0
536044.16 6582233.74 52.54 1.0
536044.2 6582229.4 52.4 0.0
536043.03 6582229.98 52.42 0.0
536044.68 6582237.03 52.3 1.0
536046.83 6582234.23 52.47 1.0
536045.81 6582228.29 52.26 0.0
536047.1 6582228.64 52.36 0.0
536046.54 6582230.81 52.52 0.0
536045.46 6582234.81 52.44 1.0
536043.37 6582229.82 52.34 0.0
536043.83 6582232.03 52.58 0.0
536044.29 6582236.97 52.29 1.0
536048.03 6582233.42 52.55 1.0
536046.6 6582233.57 52.51 1.0
536042.42 6582228.98 52.56 0.0
536047.53 6582229.21 52.42 0.0
536043.0 6582230.31 52.38 0.0
536046.67 6582234.87 52.44 1.0
536047.82 6582231.43 52.6 0.0
536047.16 6582232.94 52.55 1.0
536042.78 6582230.19 52.65 0.0
536044.84 6582236.39 52.35 1.0
536046.86 6582230.92 52.55 0.0
536045.75 6582234.23 52.47 1.0
536044.96 6582234.24 52.5 1.0
536044.52 6582230.83 52.49 0.0
536047.36 6582231.93 52.62 0.0